100
67.226 80.075 
16.313 92.216 
37.796 22.236 
35.416 18.267 
72.991 45.511 
69.193 74.46 
97.192 75.348 
8.207 55.795 
72.444 71.919 
11.694 7.629 
31.51 86.509 
24.552 11.857 
58.347 33.948 
72.605 72.662 
61.179 35.027 
97.54 29.558 
89.367 51.616 
59.673 48.39 
88.652 21.643 
5.875 76.838 
73.684 19.071 
30.691 96.328 
16.061 35.68 
56.294 47.404 
70.618 49.202 
21.078 82.957 
99.771 22.58 
51.533 64.639 
11.601 82.957 
25.619 71.413 
30.379 28.659 
68.81 75.87 
57.387 72.892 
73.454 77.952 
8.727 7.921 
20.962 66.044 
26.576 78.331 
65.862 37.821 
22.518 90.253 
55.423 74.925 
98.151 26.568 
33.37 13.858 
11.401 5.654 
87.855 12.275 
32.905 69.77 
68.581 96.44 
87.516 25.873 
9.35 4.841 
16.913 50.9 
49.452 44.406 
20.029 40.005 
89.964 91.232 
77.053 50.717 
54.618 10.129 
41.988 46.388 
36.936 1.948 
29.579 36.947 
60.987 2.164 
43.745 38.03 
6.844 63.348 
70.318 11.785 
47.51 80.235 
83.86 36.305 
62.504 7.747 
93.378 51.069 
19.377 85.008 
76.688 12.255 
50.779 16.989 
47.888 61.836 
17.737 79.158 
67.752 30.983 
34.665 48.407 
27.84 89.519 
54.422 25.783 
9.43 78.846 
96.237 69.943 
84.104 66.008 
39.08 51.519 
35.96 60.678 
92.729 35.965 
56.944 18.809 
32.69 95.845 
91.142 10.398 
76.399 6.118 
66.318 58.876 
51.518 43.398 
92.219 22.42 
46.236 10.147 
98.614 98.905 
67.935 77.18 
18.444 48.897 
14.938 97.716 
31.012 91.875 
91.117 95.268 
11.801 27.83 
4.325 68.94 
0.479 3.952 
98.78 16.354 
7.46 14.371 
60.59 53.605 
