1000
72.233 77.887
92.501 99.927
96.411 75.742
69.52 57.01
4.765 81.826
24.151 79.758
74.113 36.521
28.33 70.248
50.639 76.798
35.84 38.526
19.548 38.319
89.327 66.732
95.727 11.948
78.179 67.285
23.77 97.319
69.193 54.479
26.394 49.514
54.305 45.013
39.329 36.584
40.037 93.401
46.457 12.588
64.9 23.068
22.706 75.897
97.77 90.297
80.216 93.111
85.42 27.434
56.767 69.762
2.147 47.345
7.302 83.137
71.905 14.936
42.358 34.779
95.24 10.69
36.031 69.842
18.064 87.733
40.852 98.505
2.779 61.778
17.856 99.924
86.169 0.673
21.773 99.739
35.046 84.342
62.125 47.044
36.527 88.147
59.02 76.174
2.223 21.966
22.484 67.516
16.394 27.463
76.466 52.308
98.011 84.069
61.453 25.107
36.737 30.89
82.989 85.813
37.368 12.788
86.582 42.071
98.772 3.165
26.166 23.414
11.166 46.06
78.893 51.562
12.295 22.546
63.975 75.474
52.607 54.516
45.226 9.509
26.813 36.853
95.167 70.384
21.66 94.492
65.545 13.698
55.344 62.23
28.189 19.746
32.299 28.684
9.778 77.067
28.453 25.855
48.41 0.244
91.485 63.415
26.504 90.197
13.531 76.778
92.098 41.683
97.158 38.74
16.076 84.6
78.99 65.949
40.206 89.197
72.22 45.329
32.524 33.082
93.781 26.223
24.851 23.246
88.558 31.728
52.55 43.657
92.147 52.745
22.874 84.482
45.019 7.487
64.146 88.963
51.555 23.268
11.215 84.697
6.049 35.639
48.775 51.108
52.566 43.383
96.519 19.14
51.859 49.937
59.512 52.665
49.391 70.46
49.57 47.947
1.806 6.57
95.444 52.407
39.781 66.366
5.097 65.885
0.485 91.976
27.528 62.042
68.444 99.727
35.063 52.588
80.972 24.91
89.263 2.829
36.219 86.877
45.249 95.687
55.826 95.097
22.245 93.673
91.949 16.729
5.385 43.159
54.739 23.221
21.722 29.128
64.769 93.995
29.952 60.379
31.18 54.84
7.116 53.345
93.403 88.664
28.243 70.975
86.611 90.647
38.38 42.424
66.684 52.662
89.889 81.005
73.424 30.968
52.035 65.367
36.61 83.315
2.116 54.521
5.042 30.166
73.476 23.24
18.812 13.368
62.464 30.88
62.262 7.631
41.773 58.735
20.527 55.632
7.95 13.033
92.39 73.037
83.536 54.013
11.802 41.495
6.07 40.86
67.247 23.502
92.087 93.675
86.915 70.207
3.714 4.807
46.73 37.911
25.669 50.793
56.465 69.344
59.838 1.051
24.518 56.399
86.288 40.016
81.292 20.662
41.268 67.982
86.588 58.286
52.294 78.226
11.21 68.374
44.731 58.18
39.525 5.122
94.724 81.88
54.516 31.109
57.686 28.854
90.418 87.888
98.607 15.891
38.287 69.483
88.417 87.649
94.112 83.732
41.82 72.381
64.893 28.182
17.231 79.042
21.624 73.299
56.491 61.53
81.086 65.142
81.403 36.101
85.75 53.257
49.994 63.21
29.926 89.457
66.0 12.837
35.76 69.871
81.33 14.4
56.036 18.639
42.651 82.618
51.502 47.925
2.839 88.126
75.17 97.627
93.499 46.696
97.742 42.372
13.009 99.671
58.706 5.838
36.508 87.96
50.436 63.153
82.101 14.331
74.535 9.024
43.055 18.257
10.039 88.748
47.555 27.793
42.423 49.195
12.673 52.007
10.014 58.046
1.586 11.095
68.831 67.729
91.459 91.045
34.172 73.209
93.077 99.229
24.132 53.032
45.44 70.325
74.17 19.583
28.083 59.203
49.091 42.461
1.832 19.856
26.853 35.851
79.637 47.044
17.592 74.813
49.301 63.797
65.359 76.284
82.004 1.173
91.48 58.194
26.272 95.912
63.788 57.579
6.782 61.451
83.919 65.317
16.569 9.992
99.529 46.382
72.558 5.549
71.775 50.092
15.751 2.015
73.696 19.523
80.554 10.309
28.224 49.35
94.432 48.205
83.088 55.685
37.359 4.126
83.119 2.09
81.648 73.616
95.092 59.391
53.38 23.669
98.153 65.073
74.652 67.657
87.689 35.433
34.397 97.068
6.531 88.623
57.836 40.33
33.034 92.891
74.229 86.021
19.437 70.819
25.875 21.231
46.061 46.534
73.362 0.924
39.659 32.281
47.23 18.499
94.03 8.731
64.651 75.591
57.866 87.118
68.084 44.461
10.648 71.775
2.893 52.228
88.813 50.027
59.684 49.305
54.489 37.789
24.342 77.473
10.336 64.607
77.218 90.753
99.892 61.836
36.802 14.365
71.285 15.574
98.507 21.737
58.508 18.752
34.412 69.052
19.713 44.177
27.585 27.158
18.437 65.888
63.179 60.933
99.204 2.363
59.727 40.399
44.399 96.946
2.677 60.66
75.071 49.178
4.115 5.386
91.846 71.984
25.079 9.971
22.809 59.785
19.748 50.897
64.306 20.415
25.691 64.351
20.308 1.571
37.217 39.664
71.628 3.689
83.557 34.943
13.508 87.729
66.363 25.976
95.043 92.777
73.328 89.955
52.455 90.828
21.103 32.43
13.079 12.255
28.75 90.055
2.999 42.201
86.385 96.511
91.941 48.491
45.271 18.324
36.688 86.168
13.598 92.43
0.195 17.403
81.484 18.207
88.821 63.412
91.498 95.901
42.113 21.882
90.47 29.823
83.829 68.638
76.574 54.207
43.509 28.347
30.554 79.42
1.73 76.903
71.025 9.469
35.904 40.135
39.519 28.541
60.909 15.805
67.983 40.318
97.569 68.976
1.391 98.914
5.535 68.528
32.848 8.222
2.328 38.198
78.005 49.275
95.332 77.484
32.832 48.33
50.127 95.966
68.395 50.193
0.368 29.707
48.53 56.071
52.934 24.821
97.14 38.215
26.12 12.747
24.597 94.733
93.335 68.893
6.719 86.624
49.957 87.009
16.897 77.037
23.239 77.2
78.84 0.648
77.251 25.483
51.414 27.506
69.632 14.237
18.969 95.92
24.64 27.213
4.388 84.647
71.422 46.725
67.396 95.774
36.547 67.665
20.404 24.044
70.683 2.204
44.123 73.252
77.332 99.773
49.798 50.565
8.229 50.325
11.031 92.768
68.089 22.722
53.645 22.527
82.241 84.788
8.436 29.137
73.723 39.489
68.186 69.942
79.842 68.886
0.438 42.761
66.771 11.361
4.025 95.177
40.859 25.225
60.799 6.44
27.168 24.475
63.703 47.384
77.956 11.614
30.602 28.255
48.45 31.176
27.744 35.125
1.66 66.611
29.701 90.907
48.69 32.389
69.873 1.099
92.791 70.728
20.908 82.877
84.608 14.197
51.08 4.568
96.448 70.201
21.464 93.606
20.827 4.237
87.277 70.63
27.811 67.46
58.695 85.156
67.088 77.546
52.117 49.096
99.692 22.564
77.135 15.752
52.085 35.823
81.75 55.561
63.844 71.398
40.937 41.626
67.269 88.562
55.484 11.852
84.554 23.24
69.039 98.791
73.552 63.929
74.701 50.128
94.903 25.163
88.758 45.274
39.023 11.576
93.219 0.656
27.402 5.747
64.08 38.381
89.383 66.33
30.336 27.121
45.588 68.401
95.927 55.568
71.388 1.423
43.487 24.479
13.701 93.258
25.464 28.252
32.575 21.766
41.209 77.89
17.457 98.88
69.002 52.929
75.573 61.613
12.311 68.84
88.746 18.228
38.293 35.819
18.022 30.604
50.877 97.194
75.597 45.19
61.228 7.625
24.984 2.695
92.519 11.687
80.358 48.162
6.166 53.493
14.122 10.135
34.689 13.709
84.891 92.381
53.074 76.634
52.413 79.475
64.688 51.016
98.538 72.509
96.803 89.887
19.437 63.731
81.436 96.61
11.498 67.241
81.25 64.598
49.115 45.158
26.558 41.022
47.349 94.073
14.408 96.465
72.181 15.423
38.597 66.93
6.669 31.297
43.027 1.621
77.873 47.305
71.317 41.174
3.459 33.421
35.745 77.993
97.501 7.082
43.447 88.407
83.237 72.117
58.79 10.416
25.655 42.835
61.556 15.347
55.264 57.697
63.785 60.015
25.732 72.796
45.773 97.727
35.987 33.114
55.926 33.04
93.92 72.853
2.789 37.002
53.225 42.942
71.233 6.906
95.587 88.081
74.207 84.588
30.946 70.508
46.514 63.245
25.689 42.514
58.912 95.088
62.049 23.609
74.238 69.228
93.32 67.282
40.073 90.233
76.124 5.436
67.002 44.657
52.048 94.646
72.059 41.361
87.877 28.386
32.684 36.303
62.663 41.783
60.86 4.466
62.74 65.313
9.152 59.156
70.752 65.573
20.808 73.372
4.539 76.953
11.086 19.213
0.307 81.369
10.817 65.963
96.119 18.822
18.8 52.226
6.516 39.212
21.872 6.092
35.061 20.283
1.922 47.515
22.658 79.338
32.166 12.733
42.091 21.812
76.819 32.033
51.298 66.59
45.325 3.65
40.31 38.177
65.147 25.807
87.162 26.432
78.085 6.96
0.377 73.403
14.944 50.784
80.207 23.084
54.845 7.658
91.288 72.377
9.606 15.893
95.683 19.352
38.468 52.441
96.176 87.966
45.05 94.791
40.835 57.33
69.993 58.69
3.311 83.321
38.085 88.289
65.207 86.851
5.635 78.145
35.068 92.382
20.623 88.351
56.189 3.237
40.313 59.096
30.08 6.323
35.271 21.408
63.269 29.503
32.085 55.801
70.945 72.33
36.173 28.561
15.464 4.259
6.971 61.808
83.367 88.731
18.519 88.542
77.529 11.736
43.417 47.176
98.128 77.822
78.41 0.954
22.582 16.21
90.692 47.476
31.273 43.079
9.747 95.143
0.58 65.508
50.443 43.162
24.918 25.739
48.453 28.038
69.892 55.949
71.967 17.884
63.443 17.577
73.792 22.426
39.2 49.522
55.028 27.656
66.615 93.658
42.263 64.195
62.972 76.127
83.051 9.683
44.9 42.14
74.473 3.769
36.557 86.142
9.933 10.637
45.048 78.488
64.726 89.924
7.016 94.257
61.413 25.966
36.106 28.034
33.631 13.274
66.829 70.36
41.297 73.35
24.046 81.468
37.037 27.442
68.577 49.625
83.441 66.718
2.544 91.958
24.881 85.533
99.322 27.824
63.861 37.041
9.999 24.98
27.535 57.726
74.182 49.028
75.783 91.707
34.771 50.621
47.359 30.441
68.438 61.408
27.467 6.187
92.298 58.446
11.81 10.809
13.118 64.979
75.948 74.634
78.558 73.376
10.451 48.331
33.751 59.929
60.468 76.545
24.616 56.792
58.76 37.584
80.364 3.117
6.166 64.78
38.183 46.917
70.455 62.09
34.592 41.412
88.028 73.056
2.963 17.976
64.968 94.479
56.245 26.649
66.533 2.783
84.737 88.183
0.536 70.479
55.043 5.639
88.105 83.015
53.101 43.109
97.628 68.423
66.499 17.037
32.978 31.102
7.152 63.984
46.1 34.219
44.523 47.767
68.42 67.925
38.226 28.77
58.34 89.688
27.059 40.987
86.091 40.97
14.539 70.205
34.552 74.608
63.452 98.631
91.568 58.782
21.138 88.114
33.461 95.417
74.437 67.929
96.985 94.325
22.724 99.674
61.185 66.587
24.979 52.452
1.044 75.54
33.039 21.924
53.0 79.012
61.734 23.732
34.073 64.245
87.243 46.375
42.908 90.041
49.005 53.506
59.651 50.937
70.45 72.506
90.656 45.49
84.374 72.21
68.587 63.877
72.781 64.952
76.153 13.959
18.651 88.409
31.194 76.958
81.405 85.971
80.368 53.787
26.683 97.529
43.308 11.074
69.256 39.555
17.261 87.668
47.144 15.319
74.859 79.349
14.966 47.454
21.666 15.763
75.097 43.831
38.22 12.648
2.31 29.194
1.548 52.181
73.837 65.042
1.629 74.268
43.632 3.162
24.872 67.408
47.775 1.764
26.132 99.879
68.483 76.793
42.341 66.184
89.018 73.38
11.276 35.282
95.581 31.433
82.389 96.6
60.954 94.576
36.058 33.28
46.08 27.409
87.153 65.151
40.243 94.84
5.375 99.034
3.166 28.765
55.523 48.751
12.362 90.848
56.601 62.652
0.395 0.587
13.696 24.222
1.216 8.015
93.614 78.534
19.994 90.794
76.925 28.104
23.777 12.727
37.374 91.844
72.935 17.365
8.112 47.233
15.027 83.518
80.581 14.342
48.104 10.398
77.619 56.092
48.667 99.979
20.898 78.112
75.801 59.545
54.407 50.767
18.317 52.499
50.746 2.926
76.344 8.693
57.082 21.402
4.828 0.631
48.548 51.72
42.107 40.955
93.211 37.555
58.726 31.785
61.011 48.318
19.493 84.653
69.083 49.702
75.618 0.344
24.797 40.826
92.858 33.16
22.878 88.566
6.791 91.002
15.955 57.537
45.766 94.962
71.111 91.553
39.602 57.702
2.887 4.905
56.833 96.574
98.285 43.428
71.147 57.186
57.425 16.859
86.747 83.189
48.018 10.984
99.857 29.285
62.356 94.581
45.371 72.429
75.825 39.47
56.394 20.962
99.479 97.585
36.392 64.684
93.791 82.892
49.429 25.812
74.147 51.91
94.646 65.396
18.76 85.041
62.332 72.037
44.956 48.291
97.713 31.002
1.986 93.641
98.802 56.746
98.229 89.217
87.187 53.7
67.821 74.622
52.154 83.09
82.406 25.95
42.124 35.165
29.668 48.935
31.765 33.668
84.335 40.572
85.2 1.377
98.179 66.164
96.834 80.113
29.284 15.494
49.537 45.235
96.95 38.872
29.113 51.483
45.781 76.674
81.394 20.106
78.2 42.066
37.74 80.721
80.623 0.65
44.714 26.251
82.463 35.035
31.73 53.488
62.489 74.526
91.104 57.787
35.787 40.842
43.723 86.11
47.872 82.85
5.092 68.613
51.417 2.652
8.828 3.911
19.417 31.484
13.261 43.019
95.646 52.909
98.916 54.931
51.621 8.61
25.984 93.529
1.457 78.727
41.593 52.921
79.514 75.596
48.743 31.079
75.381 94.305
34.679 94.993
84.507 70.062
69.226 64.44
54.368 60.714
72.243 98.19
74.781 51.216
62.503 68.354
54.214 2.15
98.918 71.635
98.819 7.393
99.571 87.402
84.821 97.647
65.963 10.015
28.529 10.836
85.351 54.886
27.622 83.047
92.478 98.037
86.939 5.898
51.003 74.808
10.948 33.974
72.37 56.23
36.717 66.468
41.277 17.806
53.442 26.427
52.576 77.476
69.726 78.867
64.303 57.957
72.715 76.796
57.01 94.055
96.067 22.239
33.314 9.482
25.778 35.583
48.587 65.262
76.518 22.35
77.847 66.706
91.269 44.916
89.702 2.648
65.55 46.891
91.138 13.854
69.897 7.027
90.099 80.265
32.302 54.047
14.688 56.119
17.01 54.974
43.37 20.825
39.925 4.28
76.255 25.007
21.347 76.33
48.995 89.56
38.455 54.788
6.384 32.982
15.456 50.138
81.932 17.191
22.011 54.848
5.242 46.54
11.719 91.05
16.801 43.001
2.0 15.7
47.399 98.652
91.248 46.454
25.404 86.371
18.299 50.173
34.403 72.895
92.354 50.543
66.07 83.08
32.174 11.921
2.466 95.132
15.809 53.839
17.123 6.348
40.523 20.422
23.987 86.297
72.775 56.288
5.375 15.714
99.339 21.316
8.984 42.369
43.712 29.303
31.592 27.161
48.197 53.406
4.635 92.059
35.571 99.445
32.277 98.922
81.784 5.775
27.949 53.919
39.925 43.245
0.094 88.824
19.059 20.735
45.276 26.118
60.131 76.826
58.363 79.846
81.062 68.15
24.521 58.056
73.079 91.539
3.209 90.279
61.682 71.571
82.384 83.431
83.628 43.573
48.619 42.927
5.964 41.186
79.499 26.159
49.036 54.383
90.771 56.935
91.039 89.921
60.034 37.489
16.456 18.814
89.158 45.149
38.275 94.527
35.526 83.517
58.501 58.631
98.823 47.871
76.469 2.99
91.631 66.706
52.236 81.021
94.268 42.874
32.201 77.846
65.161 15.948
64.672 71.893
47.412 49.176
67.898 63.912
73.633 90.326
81.723 97.838
38.063 6.248
38.621 69.057
99.376 13.568
22.29 28.182
60.539 23.24
88.092 11.555
13.481 28.232
67.402 8.85
52.516 6.905
41.772 90.334
18.266 65.624
12.786 19.63
38.042 15.463
59.44 98.745
58.103 78.76
5.732 26.075
9.396 85.727
51.205 49.495
31.883 57.859
81.553 16.175
12.661 25.146
34.037 60.59
78.614 85.77
70.328 89.981
39.803 29.719
35.767 95.317
73.042 80.305
28.964 46.614
72.398 84.344
13.331 9.477
97.867 36.018
22.588 16.512
84.318 34.548
38.502 92.768
29.064 24.764
17.17 83.873
48.972 24.417
48.602 80.819
67.618 44.064
90.181 50.848
28.611 71.498
41.989 68.259
54.99 33.704
18.698 20.456
82.744 45.717
19.29 29.092
98.321 58.562
66.345 98.676
61.477 81.623
70.874 39.353
96.606 55.286
32.539 6.255
68.767 74.29
83.984 48.003
0.09 2.972
86.365 67.3
53.39 66.842
75.895 41.452
92.49 27.835
67.068 69.578
55.981 10.702
62.972 95.382
62.39 24.37
83.029 24.167
46.633 59.167
31.649 33.851
48.82 10.496
78.203 40.075
33.354 99.174
26.03 25.065
68.396 4.815
2.419 67.932
6.947 59.014
42.866 59.22
87.488 64.441
14.819 41.821
8.358 48.205
65.717 96.102
76.377 11.914
