500
6.234 6.145 
14.336 1.552 
71.412 99.29 
64.322 70.415 
32.675 14.368 
95.965 88.207 
3.74 29.037 
60.237 78.908 
62.077 57.055 
62.081 53.583 
20.766 4.973 
12.872 76.431 
76.469 92.464 
3.083 98.498 
6.844 3.625 
21.222 38.109 
34.24 55.821 
27.714 43.869 
73.399 63.862 
25.285 77.219 
84.685 9.594 
72.469 94.994 
15.593 35.816 
66.353 84.612 
68.206 10.125 
60.132 9.875 
53.331 68.864 
64.837 97.96 
33.027 85.618 
3.086 2.338 
55.987 37.83 
58.712 28.231 
61.239 34.29 
51.486 46.871 
77.185 98.507 
37.414 56.25 
60.15 59.377 
67.374 54.644 
7.54 7.856 
39.337 19.017 
99.74 88.08 
96.541 79.85 
47.708 75.358 
69.023 61.494 
81.166 92.25 
19.866 99.846 
32.876 72.424 
82.199 52.713 
52.579 63.513 
63.107 49.548 
1.122 5.386 
89.303 67.718 
48.343 89.382 
13.139 67.933 
38.334 2.176 
90.757 31.792 
82.357 6.941 
68.72 22.339 
84.879 55.635 
91.231 72.214 
47.77 92.256 
24.974 26.872 
23.616 38.784 
88.991 76.848 
19.598 79.446 
91.531 50.316 
85.665 2.314 
7.753 12.712 
73.644 39.428 
55.966 78.655 
79.874 37.075 
34.343 38.771 
31.317 88.791 
99.252 66.947 
62.045 63.303 
11.016 37.717 
91.669 1.138 
44.62 31.745 
51.948 12.482 
46.398 66.739 
2.506 73.077 
37.833 91.371 
94.05 20.749 
31.681 15.03 
50.368 25.853 
11.465 46.101 
29.348 74.11 
79.446 11.93 
16.608 30.611 
25.672 44.937 
36.264 31.224 
2.846 72.912 
44.061 3.283 
44.27 82.318 
3.634 88.312 
71.467 96.733 
14.252 76.852 
90.331 59.98 
58.473 45.1 
44.234 28.425 
72.489 18.322 
68.65 63.889 
8.15 79.591 
47.731 95.459 
54.925 32.216 
19.313 60.822 
87.944 32.575 
82.21 46.133 
88.553 87.483 
19.308 51.747 
88.591 26.488 
38.329 24.878 
61.603 29.403 
37.268 70.94 
88.762 69.272 
84.607 13.216 
16.127 3.821 
84.121 18.178 
82.742 43.682 
2.017 62.952 
58.639 41.737 
63.53 52.23 
15.975 46.451 
69.329 98.886 
42.902 25.516 
54.803 91.823 
67.767 33.245 
35.439 62.952 
64.754 58.554 
86.452 63.826 
32.313 92.07 
45.513 83.301 
73.491 88.151 
51.64 66.723 
21.868 62.457 
69.378 60.552 
64.456 20.157 
29.981 82.45 
81.22 40.025 
51.218 30.105 
97.698 22.718 
10.797 59.289 
71.258 41.117 
25.635 8.58 
64.609 9.738 
17.657 88.109 
65.504 35.28 
65.556 2.968 
15.937 45.131 
49.889 56.805 
0.425 4.316 
3.523 18.274 
93.115 48.902 
38.998 89.066 
61.749 30.592 
73.593 80.805 
43.928 69.102 
7.188 68.559 
37.677 12.179 
11.849 93.57 
52.049 5.204 
85.14 18.23 
89.535 92.58 
90.228 72.689 
15.945 86.339 
82.841 8.632 
91.181 30.149 
32.203 85.526 
45.636 93.34 
30.188 43.29 
10.495 56.011 
20.885 0.989 
61.599 75.757 
83.747 11.702 
83.437 34.159 
63.243 54.001 
30.503 65.449 
20.042 50.903 
77.567 6.072 
16.921 44.258 
71.903 11.823 
97.666 84.929 
87.941 18.557 
0.359 92.467 
52.746 30.136 
11.456 3.028 
72.073 78.5 
67.044 60.353 
65.519 41.224 
13.009 75.95 
37.121 59.065 
91.441 83.709 
53.345 59.199 
66.722 11.227 
6.758 73.068 
71.453 46.514 
58.836 21.167 
20.161 60.667 
21.838 79.39 
11.073 1.813 
58.45 25.221 
79.529 57.579 
60.837 77.425 
47.787 67.101 
25.155 12.038 
45.469 78.954 
78.934 90.365 
27.891 53.717 
48.892 50.941 
25.076 92.305 
32.847 54.172 
71.075 23.693 
4.241 39.317 
47.066 61.366 
69.334 94.363 
60.771 87.674 
86.804 30.496 
78.727 88.365 
4.947 65.76 
69.439 81.394 
60.379 46.083 
52.05 82.733 
7.426 58.527 
62.563 62.366 
86.46 37.575 
6.925 57.174 
66.636 34.476 
46.557 53.379 
50.09 8.99 
43.927 86.23 
27.241 89.842 
36.251 88.094 
74.478 21.557 
28.744 77.053 
16.893 20.762 
96.39 70.862 
65.082 0.238 
21.67 64.368 
79.096 76.972 
57.369 23.799 
38.382 3.395 
25.154 61.549 
1.985 94.625 
30.081 75.062 
70.914 56.686 
15.617 97.538 
46.722 87.142 
51.052 27.704 
38.001 10.318 
71.583 85.91 
46.825 5.66 
20.709 57.82 
6.998 13.842 
73.017 38.418 
51.513 92.138 
22.008 28.502 
70.525 54.217 
47.099 78.55 
98.559 22.317 
86.857 88.145 
7.185 12.912 
75.793 66.545 
29.251 14.034 
0.115 1.864 
42.151 70.41 
89.107 76.365 
86.985 97.473 
25.666 88.661 
1.774 10.927 
32.015 12.57 
99.115 48.439 
40.729 28.891 
40.178 66.312 
62.685 24.767 
97.706 31.299 
49.423 24.437 
57.526 74.317 
82.786 76.961 
92.432 10.823 
25.65 15.135 
72.159 21.364 
74.335 66.127 
17.179 94.875 
46.711 30.075 
36.683 33.925 
82.327 55.339 
81.954 1.275 
42.781 54.5 
30.875 83.787 
78.908 49.778 
85.5 33.161 
66.076 88.084 
7.66 47.235 
70.597 5.614 
19.943 95.055 
82.253 27.927 
49.399 91.667 
3.623 33.413 
28.977 77.555 
20.415 82.627 
87.6 95.607 
41.187 24.903 
97.593 12.505 
74.878 22.08 
50.497 58.823 
59.597 21.839 
58.561 73.627 
43.504 93.859 
78.777 9.418 
24.539 90.779 
83.189 15.059 
34.283 90.384 
5.807 35.063 
89.699 18.359 
39.761 65.608 
3.828 79.928 
9.844 44.22 
69.84 39.311 
41.111 75.704 
5.152 40.294 
69.864 26.878 
62.079 81.138 
39.217 11.988 
30.383 74.372 
81.847 1.058 
88.984 74.013 
24.406 68.378 
9.877 79.213 
63.9 70.854 
45.57 42.829 
99.676 34.398 
78.005 41.274 
5.123 53.726 
35.59 55.786 
80.927 44.777 
61.012 82.463 
35.401 70.776 
43.322 53.304 
64.603 85.38 
75.654 97.412 
98.607 37.668 
36.441 17.834 
3.482 38.366 
27.835 84.217 
27.874 39.295 
46.371 54.012 
29.542 85.839 
61.663 87.333 
34.094 84.318 
12.14 70.303 
59.268 10.43 
37.221 33.643 
7.696 65.482 
34.207 2.57 
6.315 15.367 
85.584 43.128 
74.255 23.335 
86.686 88.876 
59.762 2.472 
79.615 85.744 
94.769 75.101 
66.261 9.953 
69.951 24.862 
34.333 7.639 
73.88 49.967 
51.997 36.294 
26.959 15.55 
92.004 87.168 
84.52 49.925 
34.916 74.56 
33.916 21.076 
54.272 40.718 
1.429 44.819 
51.579 35.077 
11.33 44.178 
57.963 76.088 
31.24 57.747 
57.618 99.723 
36.874 43.612 
45.77 59.991 
72.597 64.501 
0.181 46.265 
13.4 97.367 
89.099 81.178 
84.695 84.888 
42.099 54.114 
8.158 69.802 
91.432 90.285 
46.103 93.901 
41.621 10.391 
35.107 96.177 
85.018 10.891 
72.126 66.168 
91.642 0.563 
88.301 55.973 
40.594 11.564 
31.902 11.154 
58.331 35.548 
5.157 85.574 
85.793 53.059 
24.256 9.925 
16.158 44.899 
50.485 96.877 
73.467 82.975 
85.053 82.423 
61.632 29.261 
8.607 96.96 
85.845 15.282 
28.922 35.784 
33.376 99.496 
46.964 20.225 
25.159 40.544 
43.709 65.842 
59.642 74.44 
73.467 33.424 
43.865 12.4 
59.516 85.527 
39.988 79.847 
4.985 87.251 
23.396 3.063 
55.109 30.782 
63.433 79.816 
29.101 6.028 
8.906 8.775 
53.152 35.878 
97.804 90.067 
24.505 20.611 
5.658 80.625 
35.552 13.909 
88.518 34.467 
65.336 11.068 
18.089 59.343 
42.589 75.228 
61.701 16.0 
92.053 9.759 
59.782 47.63 
16.194 33.1 
39.376 56.066 
81.591 84.992 
22.076 39.625 
57.798 15.841 
60.197 18.471 
75.821 49.338 
50.33 73.616 
24.655 32.945 
8.076 66.131 
97.092 80.542 
40.133 57.527 
43.47 10.488 
29.737 94.712 
29.892 7.258 
54.872 0.483 
54.448 95.95 
34.75 65.658 
68.983 77.031 
93.225 78.556 
43.329 68.022 
64.656 19.351 
97.857 22.938 
4.122 13.289 
24.764 56.783 
53.465 73.76 
17.545 29.534 
24.168 5.413 
94.813 96.651 
3.889 84.029 
1.283 15.107 
9.672 3.585 
53.45 77.303 
63.545 21.51 
75.999 79.313 
96.372 17.226 
44.17 51.661 
52.119 42.317 
9.816 34.237 
32.701 86.077 
43.978 16.353 
43.017 66.875 
35.695 3.337 
28.137 79.839 
13.025 22.949 
42.236 61.304 
39.599 45.905 
60.091 25.82 
13.165 56.52 
2.113 28.409 
46.71 40.136 
12.635 72.327 
46.592 8.287 
40.189 59.342 
26.396 52.97 
35.779 59.234 
21.432 46.665 
84.655 85.605 
11.264 7.274 
38.904 3.74 
61.393 94.77 
88.401 94.819 
97.41 83.957 
23.245 82.016 
