5000
13.81 2.925 
61.52 10.848 
5.203 18.925 
30.879 64.538 
95.644 50.04 
48.29 1.936 
44.127 57.224 
98.355 7.384 
14.145 19.844 
97.146 15.523 
48.851 98.029 
32.263 6.425 
11.172 7.076 
42.475 58.03 
81.964 92.546 
98.992 79.508 
77.068 23.7 
64.824 4.036 
54.0 2.692 
26.958 90.657 
21.463 55.998 
36.49 98.455 
64.413 39.466 
14.151 7.89 
95.352 14.888 
24.431 38.084 
34.725 42.277 
48.99 65.618 
80.343 57.119 
94.531 62.666 
60.325 61.883 
93.927 64.6 
46.357 41.551 
37.145 51.571 
32.952 96.404 
66.573 24.163 
70.091 97.317 
77.697 22.873 
35.409 68.998 
13.593 50.713 
33.64 66.497 
46.555 15.707 
64.429 72.567 
96.767 3.255 
25.044 32.245 
59.939 75.746 
46.09 91.241 
7.129 78.765 
80.577 44.411 
39.757 0.305 
68.432 0.067 
43.733 69.578 
57.711 29.537 
43.415 62.762 
28.294 2.532 
82.51 49.354 
11.966 61.133 
24.789 31.324 
69.271 69.636 
7.232 70.9 
26.958 93.573 
4.113 91.126 
8.489 92.984 
39.401 12.958 
19.232 93.023 
77.736 84.491 
72.899 89.024 
41.414 7.462 
98.005 35.503 
60.397 4.635 
98.465 80.816 
12.186 74.901 
53.224 78.825 
29.488 8.756 
7.654 74.827 
32.958 4.523 
92.867 5.695 
28.456 58.504 
7.195 80.977 
60.947 81.496 
42.216 2.793 
20.897 27.319 
61.139 40.307 
65.295 57.361 
7.048 30.742 
56.746 32.685 
22.926 61.564 
52.627 68.928 
49.394 11.064 
64.8 65.527 
32.905 64.817 
62.776 13.699 
56.824 20.987 
46.726 89.217 
0.946 85.43 
37.758 24.086 
95.129 38.891 
9.049 13.526 
29.593 42.389 
43.537 39.442 
56.034 15.068 
40.605 1.157 
24.327 0.078 
26.763 16.69 
0.286 89.581 
89.089 94.811 
69.574 60.426 
37.885 23.753 
96.72 14.009 
38.885 7.855 
19.775 51.328 
69.103 2.882 
34.703 8.7 
11.238 52.824 
78.871 93.906 
16.311 49.767 
19.019 7.711 
30.107 90.506 
42.338 79.008 
67.08 20.079 
16.866 92.225 
59.47 99.589 
64.64 87.707 
93.631 93.805 
82.799 82.231 
12.264 72.808 
85.423 13.201 
8.552 55.13 
29.369 21.616 
74.798 11.289 
4.22 49.373 
48.065 14.745 
61.308 36.925 
64.398 57.319 
72.629 65.471 
10.779 21.918 
33.474 62.577 
91.624 92.127 
23.129 69.641 
14.31 76.875 
36.825 67.5 
1.761 32.386 
55.793 20.52 
21.4 4.513 
24.81 21.463 
58.98 52.727 
14.273 4.389 
84.368 9.938 
95.326 86.273 
59.616 2.68 
13.068 10.035 
0.542 61.575 
59.015 64.169 
29.179 24.202 
68.647 31.282 
66.708 53.939 
88.433 38.459 
37.458 71.267 
46.936 57.019 
34.771 61.308 
66.528 81.229 
14.263 30.719 
34.11 78.73 
82.905 62.877 
64.626 51.947 
27.661 13.818 
59.371 73.356 
69.686 68.793 
58.11 51.563 
84.018 56.158 
53.838 48.783 
10.754 19.097 
29.89 32.7 
89.956 46.411 
51.285 54.593 
6.494 0.764 
28.895 45.906 
5.298 48.607 
48.848 43.02 
88.185 67.601 
96.404 51.918 
67.328 55.687 
13.191 83.865 
76.9 3.32 
90.505 11.792 
80.501 72.185 
11.573 28.189 
60.557 84.924 
48.569 83.931 
20.938 49.027 
18.185 19.189 
11.461 52.505 
81.388 64.015 
52.02 15.986 
28.205 29.409 
60.976 61.536 
5.866 47.065 
6.651 99.969 
0.478 1.71 
40.571 57.947 
45.17 20.592 
59.023 49.586 
23.893 73.375 
0.937 10.042 
3.414 97.555 
48.956 17.332 
20.832 4.539 
71.318 85.071 
73.689 16.931 
2.977 43.834 
5.785 29.033 
19.87 88.599 
81.053 51.396 
74.409 23.622 
12.205 41.36 
38.015 9.426 
64.814 17.684 
53.844 87.684 
61.326 57.044 
18.745 7.071 
24.855 27.983 
81.82 10.109 
51.91 35.617 
76.959 60.808 
95.693 9.566 
79.998 35.68 
36.724 10.289 
20.338 33.371 
11.356 60.016 
56.741 3.457 
92.499 21.627 
49.087 43.03 
46.149 17.326 
76.799 28.41 
84.49 34.396 
65.967 69.054 
81.763 24.467 
40.821 88.856 
65.739 23.45 
8.414 68.169 
51.409 69.714 
21.334 78.816 
43.326 53.863 
34.903 34.564 
58.727 45.921 
33.418 91.501 
59.976 84.999 
67.276 60.885 
40.392 65.335 
23.608 29.602 
55.378 6.44 
15.126 47.734 
79.756 51.651 
57.925 50.992 
85.276 42.074 
96.254 13.562 
16.258 8.07 
27.885 67.413 
49.371 11.206 
59.818 55.765 
15.993 99.414 
85.889 82.626 
68.789 16.123 
62.887 95.443 
69.381 37.186 
37.795 19.529 
69.525 98.478 
24.071 40.904 
15.222 24.815 
94.467 31.276 
50.965 14.282 
45.077 5.578 
17.531 65.544 
27.058 31.298 
49.283 19.287 
15.599 10.211 
36.659 74.412 
19.903 3.551 
99.321 55.146 
89.314 23.782 
91.118 9.744 
89.587 61.934 
29.083 3.805 
27.095 5.094 
0.362 93.837 
20.731 11.832 
43.593 34.904 
87.031 56.525 
66.57 86.499 
96.946 43.817 
48.705 10.691 
16.75 90.934 
0.462 75.474 
98.468 4.777 
45.002 41.973 
84.005 45.487 
29.329 33.801 
36.923 70.245 
75.959 55.233 
86.455 64.551 
77.013 56.665 
44.49 55.1 
76.62 39.696 
23.802 57.64 
12.536 35.203 
31.132 89.108 
36.497 51.723 
22.123 24.667 
19.203 23.943 
32.283 74.838 
99.85 81.286 
40.698 51.63 
4.386 9.306 
53.573 60.231 
34.859 17.014 
56.981 41.875 
25.001 29.808 
7.327 53.619 
76.097 81.814 
91.209 30.357 
14.53 34.499 
60.398 81.4 
36.059 15.455 
52.874 39.29 
94.929 34.301 
84.683 63.494 
65.999 92.112 
21.949 55.613 
16.096 55.315 
5.199 26.466 
92.93 16.403 
47.838 41.463 
21.972 37.383 
94.797 96.211 
59.393 41.833 
50.809 28.069 
22.494 3.72 
61.654 95.012 
51.935 58.74 
80.286 46.876 
80.81 82.866 
10.613 11.082 
72.871 57.651 
71.614 94.099 
41.162 35.701 
97.874 52.544 
10.128 47.883 
92.358 9.697 
27.005 26.134 
98.407 7.555 
69.11 99.538 
4.45 22.413 
34.407 73.842 
23.665 83.506 
83.908 43.057 
88.128 68.845 
90.877 8.219 
61.034 12.997 
33.151 69.387 
17.658 80.286 
21.867 4.744 
67.559 31.731 
86.894 54.089 
21.585 12.061 
45.344 83.011 
87.409 16.862 
21.172 24.804 
50.611 89.821 
89.369 55.681 
83.585 79.937 
28.327 6.664 
27.182 54.647 
28.339 13.896 
50.637 41.063 
16.547 58.806 
88.125 53.27 
37.154 28.524 
82.707 39.073 
61.579 80.931 
52.031 68.015 
51.329 88.491 
62.942 45.319 
1.198 68.375 
65.011 54.403 
58.03 62.051 
59.868 26.79 
99.138 71.961 
81.283 22.439 
23.886 18.433 
92.978 46.495 
59.853 0.972 
5.312 88.354 
2.53 23.942 
38.946 6.425 
24.171 71.437 
46.989 63.838 
86.612 62.964 
26.105 64.925 
34.358 31.019 
55.743 82.214 
70.228 99.557 
12.962 97.385 
20.342 17.8 
18.461 6.767 
64.966 91.11 
71.5 24.209 
20.645 64.837 
11.098 91.584 
44.517 63.158 
62.108 93.746 
88.765 30.503 
18.446 83.002 
14.18 3.073 
27.563 94.319 
37.402 3.853 
18.257 23.072 
91.737 83.75 
93.529 66.488 
17.518 19.906 
40.335 82.685 
29.025 0.941 
91.91 68.235 
45.443 28.184 
44.637 20.771 
27.906 14.584 
81.241 93.953 
50.901 87.492 
10.461 57.548 
81.91 3.666 
22.085 65.638 
27.239 24.71 
23.322 34.436 
39.965 4.88 
71.719 25.196 
15.559 19.822 
98.39 7.887 
61.59 63.91 
96.159 47.684 
21.232 50.488 
38.828 23.144 
66.692 23.552 
17.315 78.658 
70.829 22.489 
58.877 22.661 
14.523 77.241 
86.194 56.157 
24.236 85.053 
76.451 15.829 
45.148 23.226 
96.389 96.569 
3.039 86.289 
49.238 76.053 
5.377 90.375 
95.75 79.129 
2.428 62.348 
17.571 23.659 
73.567 85.034 
1.816 19.077 
47.278 43.795 
46.83 83.754 
55.598 23.653 
96.105 91.799 
23.866 13.6 
79.167 41.936 
29.744 40.789 
10.732 16.569 
6.283 43.262 
66.207 14.24 
41.618 51.736 
98.714 1.913 
44.844 72.498 
72.746 93.436 
92.277 74.764 
84.836 48.196 
87.739 72.554 
41.298 98.162 
88.788 18.4 
62.7 64.252 
79.256 46.652 
20.771 40.562 
48.774 50.422 
8.482 98.383 
39.277 42.585 
51.77 19.282 
37.71 29.425 
6.65 69.611 
55.778 59.152 
48.423 79.231 
70.878 99.808 
96.754 43.042 
80.029 55.108 
77.223 67.852 
19.218 84.616 
24.009 4.154 
2.022 34.961 
27.058 12.507 
14.979 19.893 
4.731 44.048 
71.998 26.344 
30.635 46.399 
69.196 58.271 
96.386 78.04 
56.574 95.395 
39.951 45.612 
67.477 65.486 
64.585 54.115 
4.445 28.774 
62.633 93.465 
4.503 65.986 
19.711 74.756 
71.318 28.402 
3.135 7.732 
64.232 41.89 
14.9 91.31 
98.642 27.941 
68.085 50.807 
64.729 51.288 
84.203 79.572 
44.552 46.376 
67.723 53.264 
5.205 56.639 
60.6 87.536 
91.695 14.2 
10.855 20.258 
9.958 41.178 
55.157 40.483 
48.73 68.563 
32.852 80.771 
75.768 13.985 
20.117 86.554 
38.304 22.604 
32.918 36.738 
15.869 16.774 
55.837 89.535 
47.5 28.49 
57.256 60.676 
88.263 42.517 
39.362 31.683 
19.185 45.455 
39.999 93.156 
0.832 65.509 
68.653 50.006 
39.504 58.7 
67.474 28.549 
39.08 28.495 
32.908 19.401 
28.9 85.3 
42.436 91.525 
44.288 34.148 
69.246 86.261 
45.559 40.355 
65.271 8.049 
1.087 14.199 
75.498 85.118 
82.16 94.163 
75.786 60.082 
25.335 84.738 
13.498 6.512 
59.727 31.567 
71.021 24.894 
52.732 59.281 
76.658 60.262 
16.646 43.938 
16.637 6.251 
0.729 20.493 
3.525 8.922 
38.447 2.79 
33.574 29.517 
72.394 44.891 
14.887 22.611 
15.845 89.119 
88.183 40.014 
64.9 68.408 
57.777 86.048 
40.535 86.285 
5.544 92.1 
39.11 79.386 
23.934 40.398 
1.779 14.968 
65.06 56.232 
93.009 26.939 
34.39 19.116 
69.494 7.937 
50.646 91.275 
63.653 77.411 
43.488 67.358 
37.106 7.25 
55.914 39.397 
31.347 68.784 
5.432 51.853 
63.878 28.174 
89.56 69.739 
96.114 61.0 
38.817 82.836 
97.482 95.263 
22.347 95.216 
54.382 4.008 
27.635 1.885 
99.244 16.308 
66.366 15.953 
57.429 8.63 
36.917 86.216 
31.782 34.035 
8.661 17.275 
98.419 11.91 
90.583 10.238 
31.341 98.916 
62.255 64.575 
24.197 6.263 
9.485 4.842 
71.361 8.659 
14.3 87.004 
6.333 18.096 
74.493 46.2 
24.659 50.293 
0.503 36.946 
57.802 95.369 
26.79 88.599 
97.114 20.774 
34.047 63.696 
4.663 82.567 
4.037 15.254 
61.967 37.488 
91.737 25.723 
59.667 61.629 
99.196 67.804 
11.343 36.602 
96.543 76.896 
45.866 85.314 
35.648 65.28 
60.915 70.876 
47.163 57.353 
18.566 19.635 
61.799 72.495 
17.66 78.058 
47.161 91.366 
98.061 97.173 
17.904 26.949 
26.96 30.436 
92.42 40.176 
4.889 2.335 
25.092 52.504 
9.127 88.241 
32.407 64.204 
16.492 71.865 
44.456 19.272 
19.916 69.249 
25.143 52.133 
5.379 95.793 
82.214 49.092 
64.718 26.909 
3.449 28.769 
47.22 97.685 
88.923 75.807 
44.52 56.18 
33.431 23.949 
23.379 23.555 
30.601 58.9 
80.471 89.169 
32.765 42.324 
14.034 74.852 
21.385 81.283 
68.231 42.702 
25.278 97.781 
14.487 82.054 
27.678 42.612 
99.26 85.07 
44.247 96.779 
69.248 87.285 
90.298 24.375 
24.406 61.828 
32.329 53.897 
19.095 27.461 
21.008 46.174 
1.484 21.838 
91.408 23.586 
0.57 30.216 
18.083 92.471 
15.479 53.68 
45.07 35.854 
94.648 91.667 
79.491 22.598 
86.403 94.725 
47.178 78.383 
25.028 45.064 
64.921 34.486 
5.514 92.151 
31.44 80.21 
48.243 23.576 
61.855 62.032 
28.639 99.182 
13.61 85.474 
57.0 14.443 
52.181 12.657 
1.39 51.426 
60.853 94.338 
85.5 70.274 
88.409 61.664 
57.999 68.678 
76.369 57.696 
43.615 48.565 
74.547 97.094 
64.254 5.53 
45.228 88.772 
57.092 84.266 
60.192 91.358 
62.751 25.848 
38.895 73.265 
99.161 84.909 
64.873 40.912 
26.102 63.604 
43.375 43.433 
89.731 13.595 
14.74 66.624 
28.253 40.591 
39.914 41.3 
65.633 20.886 
96.531 93.02 
77.487 32.766 
45.494 12.566 
8.283 73.775 
75.759 73.991 
3.302 70.825 
34.312 93.332 
65.001 38.958 
44.18 79.613 
82.69 77.681 
27.186 45.516 
96.536 86.576 
72.171 12.717 
94.019 46.214 
40.286 44.94 
32.584 53.113 
0.03 82.208 
80.719 39.11 
83.301 65.685 
91.804 98.724 
95.755 15.356 
20.437 18.384 
30.313 49.177 
41.299 8.494 
56.42 59.005 
53.555 34.248 
88.509 38.813 
52.576 79.158 
63.082 63.672 
3.024 19.905 
65.446 48.085 
53.801 82.749 
25.415 52.947 
42.384 89.589 
48.576 40.419 
35.882 36.399 
79.849 31.945 
12.994 13.034 
38.752 87.039 
0.073 87.319 
14.638 9.124 
25.146 19.74 
44.646 58.904 
20.987 81.755 
2.123 10.174 
15.744 45.578 
98.015 12.763 
2.825 39.836 
86.644 37.306 
51.861 56.764 
52.498 54.244 
53.756 69.479 
54.682 94.813 
69.492 9.87 
26.78 52.713 
30.196 60.548 
80.277 69.82 
33.886 91.23 
65.106 48.698 
65.172 41.752 
67.882 11.67 
9.03 93.442 
51.442 87.786 
61.79 87.455 
34.55 92.349 
71.093 56.009 
34.424 69.576 
30.603 57.095 
66.957 24.568 
1.148 57.984 
44.732 8.831 
9.306 36.646 
47.702 69.233 
77.295 59.746 
60.456 96.526 
31.298 49.441 
16.795 45.359 
77.697 50.635 
41.36 62.738 
29.362 70.056 
4.284 24.904 
19.472 78.08 
87.887 13.502 
64.078 34.144 
67.303 26.059 
49.698 33.649 
21.655 35.016 
29.946 2.206 
17.234 43.901 
64.289 97.514 
75.726 62.787 
68.506 62.075 
26.893 48.625 
38.633 5.632 
89.922 83.948 
17.122 39.245 
82.99 51.846 
89.348 60.618 
93.629 18.384 
42.709 11.337 
42.665 54.539 
73.549 76.934 
9.005 80.445 
68.984 37.843 
58.22 53.488 
32.089 15.827 
43.759 89.126 
55.761 66.289 
32.931 86.99 
17.331 73.369 
14.192 32.312 
81.182 93.697 
7.384 53.846 
11.308 50.25 
38.209 79.994 
7.287 93.663 
90.638 21.051 
32.123 26.055 
31.935 23.427 
57.255 44.967 
54.036 86.182 
39.859 97.082 
43.934 51.762 
62.712 42.121 
30.123 84.476 
64.91 32.408 
7.981 59.806 
50.624 1.533 
11.867 34.16 
62.229 51.314 
62.835 34.279 
10.333 42.946 
84.975 55.029 
15.182 97.712 
78.388 77.42 
29.75 96.817 
10.948 63.369 
38.163 30.248 
3.046 18.605 
13.824 13.956 
15.253 22.518 
6.831 1.955 
32.169 62.151 
40.692 65.834 
28.199 51.269 
20.426 24.193 
76.079 49.236 
66.211 66.729 
59.532 5.998 
33.805 48.879 
33.548 60.528 
94.47 28.298 
60.782 38.743 
94.361 26.373 
15.096 63.867 
83.455 49.062 
47.557 85.923 
38.371 71.851 
71.182 44.673 
77.28 66.898 
34.813 8.309 
24.582 41.12 
7.067 77.275 
16.692 87.457 
61.298 92.602 
26.276 78.233 
1.765 95.148 
40.943 57.047 
14.388 79.528 
77.468 46.374 
38.727 34.609 
70.289 99.663 
45.118 65.168 
42.948 29.96 
83.537 20.627 
54.029 21.138 
37.184 53.27 
34.979 67.857 
97.303 44.651 
43.428 38.028 
75.738 24.213 
98.387 44.763 
60.049 1.215 
95.999 48.576 
34.724 2.935 
53.355 88.264 
6.744 95.951 
41.015 41.545 
30.883 92.898 
99.661 35.759 
21.799 55.549 
53.696 57.465 
80.972 69.896 
86.512 88.028 
80.201 36.333 
5.415 59.767 
7.269 57.967 
21.634 94.216 
44.193 63.181 
65.236 35.425 
56.665 19.965 
91.655 43.103 
4.076 43.771 
63.942 42.925 
10.16 0.743 
36.971 78.695 
9.336 77.945 
91.975 46.555 
96.708 60.95 
99.036 91.268 
11.777 4.752 
64.416 82.385 
11.544 84.872 
71.248 93.906 
68.675 95.253 
1.636 22.889 
64.692 44.412 
89.17 76.303 
81.578 98.33 
39.539 52.575 
55.231 41.937 
12.233 26.413 
59.854 54.939 
54.428 68.611 
46.778 72.199 
69.465 50.175 
12.517 8.729 
0.221 95.205 
99.881 66.85 
2.084 88.741 
6.581 36.552 
53.986 83.967 
86.078 80.64 
16.947 33.523 
37.339 72.401 
26.506 15.316 
90.895 23.437 
24.611 7.577 
88.965 86.134 
26.826 98.635 
95.739 67.512 
53.766 2.485 
70.585 49.321 
74.658 62.319 
42.488 40.378 
95.023 16.816 
39.376 73.814 
60.531 40.041 
7.643 61.907 
16.273 55.929 
88.529 2.833 
62.704 16.434 
48.145 34.142 
65.443 65.809 
6.146 56.096 
98.549 63.06 
72.99 17.409 
3.515 19.354 
65.76 87.363 
33.49 83.223 
38.442 18.072 
58.518 45.468 
27.136 0.877 
3.424 96.127 
35.157 65.748 
83.207 96.686 
39.999 30.544 
44.537 65.365 
9.423 81.091 
28.277 16.571 
46.807 43.929 
71.628 42.608 
54.577 17.376 
29.168 63.031 
87.008 37.285 
78.417 68.364 
65.404 41.747 
72.249 53.415 
29.75 36.86 
19.8 52.471 
55.182 13.342 
33.635 15.035 
5.613 74.802 
36.219 20.753 
51.286 65.783 
72.732 28.923 
52.225 63.391 
22.217 43.232 
84.576 63.044 
2.436 90.094 
99.035 4.745 
0.578 96.611 
78.507 40.981 
54.537 6.709 
84.568 23.592 
63.827 53.773 
96.826 25.483 
77.157 44.825 
19.618 52.458 
99.37 58.911 
88.074 87.027 
15.993 17.621 
68.068 65.4 
8.277 73.551 
59.221 30.496 
45.815 49.005 
76.939 49.859 
28.034 64.917 
24.892 72.646 
26.664 21.846 
39.882 75.427 
99.113 41.753 
71.006 35.384 
13.209 34.034 
18.164 97.724 
35.912 67.195 
23.162 13.573 
45.956 52.927 
62.681 33.012 
24.814 6.667 
45.816 43.649 
33.598 42.981 
36.271 34.413 
87.591 56.182 
99.349 20.257 
35.844 68.855 
41.15 73.417 
12.851 77.726 
33.788 41.799 
32.6 44.513 
25.555 0.471 
21.398 27.794 
86.832 68.553 
11.552 16.809 
40.937 71.666 
55.967 77.9 
9.258 22.447 
70.687 66.133 
53.959 53.972 
64.106 43.284 
71.555 23.159 
41.492 76.066 
47.201 10.161 
34.25 2.682 
75.209 10.847 
96.198 72.859 
19.927 65.226 
50.676 11.014 
69.651 67.81 
41.051 28.148 
79.911 87.112 
40.4 17.247 
36.876 45.565 
58.03 14.795 
66.986 81.231 
88.557 32.116 
44.718 51.171 
25.645 7.18 
43.446 72.096 
23.082 22.003 
38.002 59.332 
40.915 92.681 
88.939 23.6 
3.512 39.849 
66.759 11.141 
61.263 6.221 
84.843 2.197 
33.704 69.257 
30.672 51.502 
1.306 41.766 
1.258 67.163 
46.461 55.047 
35.939 0.535 
40.574 50.068 
6.752 9.706 
95.27 57.216 
61.658 47.399 
38.085 9.74 
79.788 6.795 
50.02 40.775 
44.758 98.725 
48.931 43.228 
1.665 3.247 
59.493 32.768 
79.278 45.456 
26.859 82.535 
7.21 51.458 
94.358 68.373 
0.465 0.693 
3.478 46.562 
86.785 29.373 
24.037 96.132 
98.541 48.303 
9.22 24.886 
36.873 41.694 
25.769 77.682 
27.991 5.571 
56.313 17.878 
99.131 84.796 
80.768 84.998 
47.122 99.407 
72.263 94.656 
0.758 81.095 
62.948 15.331 
69.486 92.604 
0.286 35.171 
55.618 89.967 
99.827 24.153 
83.392 49.81 
7.406 87.683 
80.018 29.458 
6.468 49.837 
94.163 86.86 
64.747 15.115 
15.331 45.684 
2.139 59.979 
34.995 41.51 
30.154 72.701 
53.472 55.511 
79.266 85.513 
78.373 5.976 
34.944 30.574 
98.61 86.554 
86.352 21.989 
17.826 63.331 
86.585 96.326 
58.902 64.2 
66.322 14.527 
66.259 30.778 
73.068 32.255 
79.289 81.513 
78.788 51.447 
73.767 7.964 
63.642 74.859 
94.879 54.012 
5.892 71.065 
87.353 67.953 
64.709 70.762 
78.964 77.719 
95.473 99.936 
78.002 19.843 
13.997 28.898 
32.408 93.873 
71.436 72.399 
6.009 57.76 
22.318 42.047 
87.893 96.598 
73.034 41.856 
43.695 40.579 
43.948 1.785 
24.822 80.988 
60.346 53.545 
31.256 22.954 
14.98 47.154 
13.406 58.375 
49.94 4.294 
44.952 59.13 
97.887 58.368 
86.32 76.543 
26.076 62.45 
78.539 73.656 
93.314 55.498 
49.109 18.366 
51.555 53.311 
18.454 5.568 
9.389 32.228 
43.164 68.387 
8.768 29.563 
77.013 87.762 
88.056 51.437 
59.567 48.767 
37.029 44.731 
94.109 15.119 
81.283 4.275 
37.388 86.819 
16.409 26.196 
47.937 71.052 
78.353 79.9 
56.757 69.312 
57.058 97.709 
92.331 39.707 
37.827 45.279 
17.447 98.086 
25.935 91.582 
97.244 55.66 
25.471 5.835 
35.742 77.326 
9.382 27.216 
31.083 20.419 
82.689 7.86 
61.732 47.847 
36.31 78.663 
57.947 84.838 
13.873 23.153 
85.191 46.245 
92.382 4.729 
16.46 87.231 
0.469 65.765 
44.343 65.181 
64.144 75.283 
18.39 99.953 
55.922 98.37 
6.889 55.588 
95.742 50.926 
71.515 26.216 
91.348 31.525 
24.287 0.713 
21.843 39.539 
42.994 12.053 
28.509 25.077 
39.908 71.617 
53.779 22.038 
81.83 86.08 
56.068 18.417 
60.996 73.937 
13.049 81.346 
71.301 63.203 
43.795 95.626 
93.433 57.968 
94.115 84.86 
68.073 98.859 
56.125 94.661 
70.737 4.736 
39.194 85.196 
39.054 78.957 
4.606 68.575 
16.428 66.789 
83.657 55.794 
23.479 89.752 
35.455 44.409 
48.907 96.317 
6.354 36.096 
92.441 87.644 
86.671 89.335 
62.421 88.004 
90.945 69.075 
10.52 32.476 
93.019 63.197 
20.133 86.932 
23.087 43.185 
56.902 76.8 
32.032 85.537 
97.765 27.295 
66.752 47.113 
45.663 84.638 
5.722 87.915 
93.216 56.792 
54.956 21.768 
64.182 10.856 
82.386 70.458 
52.118 37.344 
1.007 4.419 
68.049 0.89 
5.645 98.008 
98.705 8.713 
29.908 76.538 
24.936 22.608 
33.919 81.797 
6.141 15.569 
4.277 56.938 
10.686 35.218 
70.445 72.482 
89.954 74.669 
52.993 26.488 
38.586 98.017 
12.416 80.754 
84.497 34.238 
45.21 21.546 
98.665 33.324 
60.369 55.836 
25.239 50.901 
70.283 35.066 
85.384 44.89 
14.204 36.528 
51.061 64.138 
11.572 8.032 
58.554 11.816 
95.643 23.733 
34.362 58.111 
37.466 18.785 
84.75 13.713 
97.94 7.304 
94.381 41.673 
33.152 20.476 
1.985 87.592 
88.177 18.685 
38.657 55.133 
2.713 71.139 
20.726 84.421 
94.696 60.968 
4.49 6.591 
92.582 96.793 
60.333 75.626 
55.954 4.177 
83.042 16.797 
3.712 3.437 
6.533 70.162 
61.08 64.415 
98.391 83.32 
22.926 47.264 
97.848 87.11 
41.504 63.076 
28.457 39.36 
54.528 57.76 
2.577 44.111 
4.172 27.533 
89.282 67.678 
14.776 92.346 
98.478 41.387 
97.119 64.96 
73.598 52.158 
37.499 95.26 
46.277 37.199 
89.174 84.789 
57.281 37.691 
19.335 77.296 
9.011 11.108 
64.357 51.66 
74.545 99.196 
45.712 6.76 
40.062 31.609 
59.842 23.7 
56.547 79.892 
40.709 3.134 
90.695 21.338 
69.66 4.675 
86.577 70.201 
27.853 15.103 
70.801 88.263 
24.964 56.532 
1.437 50.752 
55.554 72.522 
64.825 21.098 
39.4 48.161 
81.452 23.034 
56.479 78.043 
96.884 85.952 
81.522 3.368 
20.758 28.357 
29.993 66.701 
99.631 40.908 
94.167 15.591 
7.431 86.549 
67.717 44.213 
0.598 72.494 
8.614 3.311 
38.447 57.513 
17.882 8.689 
9.018 72.431 
44.11 20.36 
21.192 37.951 
15.73 71.995 
39.656 52.924 
75.873 11.285 
33.544 12.558 
99.503 96.04 
4.218 58.812 
6.627 57.909 
83.071 39.988 
30.993 4.915 
75.672 97.123 
22.365 53.401 
29.451 19.282 
51.676 2.843 
73.347 90.132 
83.866 71.075 
67.22 60.365 
74.34 4.385 
30.835 40.338 
20.327 89.873 
75.052 1.679 
66.865 32.596 
61.882 2.05 
86.741 52.765 
23.876 59.276 
40.335 41.314 
42.455 7.579 
27.943 90.0 
67.393 9.216 
63.116 77.188 
0.45 28.717 
69.909 31.937 
18.512 83.107 
95.578 26.258 
47.408 97.469 
35.62 22.991 
0.252 36.029 
3.384 33.672 
33.937 80.025 
72.249 10.28 
62.071 62.117 
10.929 67.798 
59.579 2.259 
5.711 0.201 
26.758 52.833 
61.837 47.679 
98.869 43.62 
88.696 21.528 
8.573 78.398 
70.696 7.207 
43.943 97.224 
97.984 55.605 
17.165 55.492 
97.072 54.893 
8.112 44.569 
19.86 92.37 
45.764 38.09 
89.13 8.74 
44.236 85.224 
35.539 98.086 
1.511 83.945 
50.636 92.125 
87.277 52.339 
85.207 47.891 
80.196 81.369 
5.406 33.922 
82.958 20.466 
63.171 27.565 
43.413 17.22 
16.382 1.97 
98.632 98.49 
55.071 51.437 
27.208 93.571 
64.34 38.776 
10.104 10.549 
57.975 0.262 
59.13 97.002 
61.183 91.111 
89.85 63.518 
1.756 91.219 
71.258 52.547 
78.329 28.687 
67.217 51.666 
70.419 20.013 
94.696 32.197 
72.455 5.922 
37.65 75.693 
24.204 9.538 
30.289 87.963 
29.258 31.4 
8.679 2.234 
31.306 62.896 
70.405 25.581 
43.369 70.098 
51.779 2.293 
28.357 96.259 
48.758 90.843 
28.219 4.667 
18.974 36.222 
77.04 16.461 
0.659 74.509 
40.623 52.803 
14.723 94.047 
55.137 89.593 
5.588 38.284 
1.953 25.494 
52.251 59.983 
30.132 66.602 
61.282 98.062 
87.454 1.805 
14.123 23.317 
36.818 11.804 
11.005 74.791 
56.861 3.993 
4.064 19.683 
38.494 52.824 
23.155 47.508 
15.165 15.546 
70.217 31.863 
92.582 83.046 
15.201 66.761 
65.021 74.108 
56.593 88.328 
17.124 5.074 
50.986 44.754 
42.613 58.47 
29.59 85.965 
86.563 65.398 
21.118 18.119 
59.306 11.357 
49.848 49.165 
86.697 77.354 
92.432 61.668 
32.235 72.046 
87.227 31.667 
39.5 76.792 
73.263 49.947 
63.711 66.067 
79.248 76.438 
81.982 32.205 
76.105 53.784 
87.257 96.496 
95.561 48.826 
5.216 56.126 
80.664 18.794 
0.283 73.035 
27.754 31.888 
38.769 73.128 
89.24 38.666 
20.232 11.913 
97.856 9.123 
53.615 97.438 
33.492 16.294 
45.314 75.464 
91.124 71.462 
96.677 33.056 
82.953 9.176 
94.351 19.486 
58.12 24.766 
5.31 70.006 
28.751 75.467 
10.992 56.303 
75.329 62.474 
29.833 39.726 
2.132 80.626 
57.725 16.674 
20.781 81.459 
1.986 69.424 
66.605 70.815 
84.886 72.77 
29.14 59.094 
92.497 92.417 
28.401 84.25 
99.186 14.253 
76.762 81.517 
13.458 91.119 
32.963 15.139 
23.953 17.186 
8.771 96.022 
29.871 78.086 
74.207 54.681 
55.764 47.601 
97.19 53.954 
29.309 92.58 
18.673 52.724 
80.891 64.001 
85.309 69.086 
26.831 89.64 
47.592 60.88 
63.925 7.78 
16.956 1.446 
23.147 5.925 
32.929 0.818 
89.247 92.552 
85.604 29.658 
91.662 70.899 
27.271 46.766 
44.19 53.508 
70.957 84.639 
75.509 43.514 
51.819 47.769 
61.905 94.043 
74.552 86.298 
39.573 78.312 
88.364 24.81 
61.78 48.955 
25.773 70.457 
69.017 31.981 
46.569 64.556 
99.238 51.639 
17.199 97.455 
34.69 64.79 
23.865 79.804 
69.089 66.741 
43.352 6.381 
46.365 51.918 
2.448 87.357 
28.178 84.182 
83.338 29.252 
20.813 56.663 
96.699 49.615 
14.447 66.706 
85.128 69.553 
1.282 58.772 
2.976 17.485 
98.434 17.706 
80.83 57.84 
12.561 43.887 
44.93 93.418 
34.1 24.647 
15.719 59.727 
33.219 0.656 
9.126 57.48 
43.41 28.088 
78.844 11.369 
26.146 11.219 
2.658 18.111 
46.535 21.496 
51.692 41.85 
54.643 91.662 
86.515 57.346 
1.062 86.328 
89.609 16.296 
99.069 27.033 
44.413 54.237 
93.508 91.904 
46.481 61.346 
19.651 9.647 
9.223 84.828 
73.422 0.452 
47.447 6.005 
13.229 10.724 
55.107 79.19 
25.978 60.566 
68.948 85.422 
43.26 12.205 
73.162 35.979 
65.772 68.864 
89.459 74.226 
95.494 39.298 
64.505 73.713 
41.575 33.368 
46.563 32.992 
58.77 87.632 
35.83 90.572 
19.39 79.647 
87.916 63.049 
66.172 55.513 
8.85 69.059 
86.904 39.226 
50.459 13.12 
53.229 68.428 
91.947 29.968 
89.761 28.814 
29.858 4.916 
70.373 34.962 
78.948 11.335 
64.736 28.926 
21.804 17.495 
61.641 50.164 
23.637 81.143 
18.234 6.601 
11.989 35.949 
94.116 5.445 
64.947 0.254 
41.831 81.077 
4.852 28.986 
33.979 99.157 
80.443 42.892 
98.582 63.945 
23.166 21.385 
23.241 11.93 
96.326 95.043 
21.812 41.615 
97.869 60.541 
95.898 42.939 
13.615 98.754 
73.26 36.572 
37.622 90.667 
33.925 61.62 
5.577 28.735 
99.75 9.306 
46.283 92.7 
73.357 10.174 
30.713 5.996 
60.872 19.105 
76.766 15.97 
48.408 39.992 
96.986 67.036 
78.091 26.738 
87.184 74.03 
52.322 42.876 
33.96 91.607 
32.153 80.632 
80.773 73.617 
40.505 99.057 
69.688 86.622 
43.226 20.056 
15.515 58.772 
97.731 86.041 
40.962 16.151 
99.192 82.469 
44.77 19.159 
73.163 42.502 
46.463 76.157 
81.324 84.97 
99.256 3.714 
96.173 12.925 
92.541 61.111 
96.651 17.517 
83.745 31.606 
85.374 6.475 
8.93 54.845 
99.115 63.236 
30.926 22.524 
44.423 5.903 
93.093 75.486 
62.507 37.244 
66.084 62.185 
66.862 9.897 
55.962 21.08 
69.509 0.197 
34.83 24.477 
21.263 40.645 
42.944 0.628 
35.572 7.335 
51.686 40.939 
32.742 20.044 
66.443 92.023 
25.171 15.499 
18.551 69.424 
6.349 45.453 
18.975 70.894 
23.327 35.238 
25.6 91.121 
63.342 14.567 
6.034 34.243 
14.76 45.278 
44.426 37.384 
97.104 93.576 
63.76 21.569 
70.222 26.857 
46.644 62.182 
96.508 29.602 
44.436 80.597 
89.763 64.764 
60.567 18.932 
32.641 90.037 
24.848 69.619 
22.357 43.813 
38.678 83.729 
97.27 16.442 
29.755 36.155 
2.254 95.427 
24.359 24.875 
42.243 60.899 
33.736 12.736 
84.93 28.56 
89.952 9.393 
21.135 30.119 
82.462 26.437 
43.652 20.44 
75.568 81.143 
70.862 66.742 
47.991 75.118 
5.369 33.619 
82.773 58.448 
51.56 16.417 
73.399 11.717 
37.005 61.481 
19.438 51.362 
31.563 39.113 
38.505 82.357 
75.736 10.839 
63.102 30.996 
69.766 5.323 
3.186 46.658 
68.869 81.474 
56.271 80.091 
76.949 79.948 
73.155 82.652 
98.034 66.321 
6.916 44.29 
61.075 46.242 
46.774 4.906 
14.961 95.751 
96.655 80.29 
58.52 66.984 
74.135 23.796 
41.47 47.498 
27.568 19.56 
46.707 94.363 
30.678 73.611 
49.789 6.599 
20.903 45.029 
46.254 55.974 
66.991 8.096 
37.525 13.359 
41.968 94.992 
51.891 97.302 
56.985 90.472 
61.707 30.017 
77.326 82.179 
21.94 16.01 
11.663 89.727 
84.112 30.015 
9.556 8.483 
6.106 47.656 
41.04 23.267 
33.623 47.386 
63.169 68.813 
23.83 73.773 
45.998 76.798 
92.757 27.306 
44.361 90.715 
13.653 45.498 
90.463 69.594 
26.978 51.003 
47.036 50.964 
52.464 14.827 
20.62 23.148 
76.214 57.881 
58.193 39.219 
14.081 79.995 
49.407 88.368 
14.651 60.802 
68.609 70.504 
5.899 63.923 
63.696 4.873 
9.591 67.56 
1.702 24.841 
32.338 80.525 
13.978 29.367 
70.3 74.497 
8.123 10.569 
84.841 99.761 
61.304 73.675 
54.434 88.124 
32.518 95.007 
86.435 28.084 
83.123 40.047 
35.341 81.722 
62.435 59.187 
15.215 20.677 
41.014 94.854 
87.222 4.194 
90.405 48.105 
66.982 71.49 
6.819 30.226 
72.805 42.073 
20.208 14.848 
78.023 88.27 
54.73 78.155 
71.993 76.26 
99.269 25.831 
99.674 97.545 
30.291 81.514 
33.075 59.673 
51.915 39.514 
90.212 68.385 
61.76 39.175 
28.596 80.7 
65.921 89.874 
38.505 54.239 
16.33 12.501 
44.028 68.707 
72.529 55.426 
95.925 32.195 
31.247 80.012 
98.808 90.969 
2.015 89.734 
73.904 44.53 
92.241 59.254 
64.744 48.188 
28.591 49.263 
6.942 27.167 
45.67 0.004 
80.967 75.298 
64.597 17.361 
92.567 27.276 
50.986 79.582 
45.693 94.31 
16.487 11.004 
44.181 79.587 
90.261 55.097 
29.255 24.969 
33.487 61.099 
91.017 59.948 
9.264 62.433 
32.947 51.466 
8.441 61.941 
65.955 17.81 
17.903 41.806 
20.564 76.283 
73.264 9.223 
72.675 23.366 
72.186 63.932 
61.735 95.26 
1.817 82.5 
94.429 99.757 
94.551 67.534 
49.457 17.555 
98.999 43.721 
67.434 18.109 
36.888 77.89 
5.697 58.018 
32.782 39.204 
71.301 62.345 
3.505 71.02 
79.787 5.201 
4.018 25.409 
85.166 39.349 
54.551 11.908 
21.579 29.82 
35.871 72.2 
26.72 40.426 
9.433 7.776 
27.714 25.352 
95.634 47.052 
32.464 92.106 
69.162 6.836 
5.727 24.748 
14.901 46.86 
80.817 40.975 
3.173 2.708 
48.725 28.794 
88.649 14.28 
46.749 6.176 
46.13 27.59 
87.572 7.37 
90.079 30.47 
79.198 63.664 
55.539 10.095 
51.155 28.192 
53.349 76.223 
85.733 82.684 
29.292 15.989 
75.852 6.83 
18.884 53.137 
65.526 53.729 
60.406 78.669 
32.725 67.747 
50.102 35.679 
55.45 77.711 
83.698 50.745 
82.301 63.95 
50.371 14.128 
24.635 33.924 
18.274 43.267 
75.163 1.541 
17.148 54.547 
45.906 57.532 
88.64 42.279 
68.629 92.492 
6.56 15.142 
3.15 90.543 
47.923 28.808 
0.496 46.61 
69.696 44.34 
50.44 3.802 
60.672 4.828 
47.18 46.276 
4.957 96.532 
64.387 45.139 
92.361 52.118 
69.864 91.578 
89.07 5.317 
93.375 46.891 
8.452 77.515 
38.103 63.247 
63.215 48.766 
12.411 20.978 
44.878 40.058 
82.428 96.55 
66.65 25.094 
65.498 45.189 
74.475 23.952 
7.966 77.927 
68.823 61.042 
45.079 91.853 
88.967 54.327 
34.689 96.71 
35.859 94.567 
43.887 16.866 
57.338 76.996 
42.135 98.672 
89.632 27.514 
67.977 58.391 
2.91 90.829 
89.26 38.706 
1.353 7.164 
25.985 71.562 
63.646 56.98 
13.369 26.901 
12.868 4.783 
6.89 20.809 
22.124 73.461 
81.376 62.458 
39.376 49.947 
50.642 89.428 
60.294 40.467 
55.005 37.016 
20.782 23.113 
26.06 38.704 
10.619 1.241 
43.303 12.511 
1.094 16.277 
54.754 90.341 
88.512 65.338 
80.103 63.791 
27.736 35.041 
72.28 90.569 
71.682 77.554 
21.122 40.884 
52.356 83.632 
86.484 16.7 
63.274 35.361 
86.468 72.065 
11.115 88.719 
81.019 56.164 
13.379 66.705 
30.185 52.164 
41.836 10.463 
0.995 69.173 
25.069 22.705 
29.101 41.91 
48.297 38.295 
67.559 45.585 
11.013 0.032 
57.253 89.513 
79.431 23.86 
92.125 97.901 
69.951 90.908 
86.73 44.842 
69.061 76.616 
55.249 26.006 
80.927 7.515 
96.232 49.604 
75.437 54.626 
23.255 91.098 
65.33 80.061 
97.984 7.382 
94.279 88.84 
77.79 74.508 
18.39 86.789 
19.765 24.662 
81.442 70.53 
98.625 55.462 
5.597 80.685 
59.204 43.888 
30.978 85.255 
72.699 9.332 
43.761 56.091 
5.714 39.768 
37.922 95.192 
63.565 61.292 
4.051 12.123 
80.499 65.946 
38.126 28.565 
58.27 96.969 
90.47 46.375 
33.697 67.947 
76.446 75.418 
28.604 57.076 
23.601 67.215 
72.529 20.162 
97.728 68.365 
59.67 33.451 
54.982 38.007 
59.098 53.217 
53.046 21.185 
70.847 13.48 
87.894 85.86 
78.383 58.073 
41.307 68.807 
95.481 16.478 
98.153 9.871 
93.11 68.65 
88.984 39.056 
20.205 31.488 
70.966 9.308 
38.567 62.467 
39.262 92.701 
39.4 83.306 
92.773 44.124 
98.462 56.785 
60.151 30.242 
30.653 99.835 
76.808 73.446 
30.749 56.965 
44.942 72.642 
69.328 39.2 
85.422 65.131 
35.297 88.4 
75.525 96.423 
19.015 46.011 
55.336 7.152 
56.234 55.715 
26.17 81.998 
32.649 12.615 
27.568 76.515 
83.695 48.15 
12.86 9.48 
48.611 89.446 
72.736 83.247 
49.923 89.352 
63.536 30.218 
27.775 4.82 
83.741 0.242 
19.232 56.755 
91.042 39.246 
87.288 69.973 
7.03 43.901 
73.268 94.694 
91.959 51.848 
22.597 75.138 
3.094 29.796 
17.778 61.089 
22.994 3.646 
0.727 44.023 
35.821 92.482 
10.063 17.186 
83.878 81.655 
22.336 19.236 
48.047 62.246 
72.581 23.848 
11.582 68.588 
79.52 90.039 
75.692 52.629 
1.685 96.601 
91.912 59.661 
70.441 69.122 
60.236 62.532 
33.044 9.354 
51.183 7.05 
98.386 24.438 
62.496 75.868 
60.549 26.294 
75.324 35.681 
10.046 17.028 
56.843 7.77 
5.76 58.117 
67.516 56.962 
57.969 95.749 
56.459 35.216 
85.097 15.646 
0.01 45.149 
99.521 34.566 
36.301 78.873 
74.212 65.088 
66.547 98.846 
11.814 28.276 
7.162 95.888 
36.61 71.941 
25.882 49.135 
91.376 86.225 
62.818 9.799 
35.479 75.577 
84.151 95.032 
97.588 96.32 
63.147 23.704 
59.769 43.625 
10.084 76.934 
98.434 32.606 
40.219 69.763 
51.228 73.207 
68.915 28.304 
19.56 4.606 
55.186 43.031 
42.629 37.958 
37.714 42.446 
24.568 67.579 
80.946 93.915 
68.597 49.297 
34.239 69.962 
5.663 47.739 
73.567 99.33 
47.061 89.264 
98.577 24.883 
91.82 92.885 
76.983 35.234 
5.826 50.712 
30.589 64.002 
2.975 25.826 
21.712 88.01 
17.746 81.504 
49.998 48.684 
70.955 30.127 
93.701 62.606 
79.111 1.629 
49.994 74.73 
35.085 43.585 
71.661 79.968 
61.468 58.584 
11.187 42.717 
23.738 14.054 
69.937 17.34 
69.759 55.599 
93.087 94.59 
28.391 42.805 
58.767 13.87 
61.31 61.613 
91.085 91.718 
20.221 45.545 
18.672 60.733 
55.086 74.557 
89.388 34.221 
37.688 38.195 
79.039 48.57 
60.751 55.436 
81.458 83.68 
70.905 45.175 
92.933 69.39 
46.137 83.355 
70.245 56.678 
95.562 47.006 
39.403 54.908 
67.297 29.762 
23.561 21.499 
11.153 73.421 
80.671 54.851 
47.394 46.002 
54.453 28.73 
25.711 93.109 
20.101 55.333 
14.281 77.584 
90.38 28.688 
16.165 14.482 
35.506 81.993 
56.326 72.957 
88.579 74.134 
96.354 81.485 
89.747 78.814 
46.404 38.329 
3.61 21.43 
70.302 42.093 
47.105 50.4 
5.346 26.169 
83.716 23.025 
99.957 62.658 
53.704 4.903 
80.488 99.081 
11.394 95.79 
96.511 59.022 
50.307 63.817 
8.378 35.635 
44.375 9.724 
63.911 41.939 
37.231 9.55 
47.126 27.533 
56.208 54.826 
10.792 70.539 
0.929 9.699 
8.826 32.281 
91.92 40.715 
66.389 72.879 
9.011 2.737 
21.601 18.444 
80.411 29.547 
10.809 58.289 
58.714 42.337 
98.486 27.903 
38.864 89.725 
80.329 95.196 
67.285 23.395 
61.258 52.439 
28.455 49.943 
56.367 41.703 
76.787 78.421 
79.901 48.24 
3.121 5.7 
22.219 12.339 
58.009 47.186 
64.993 47.751 
67.903 6.51 
34.233 93.128 
12.454 81.872 
37.811 63.234 
63.995 88.277 
75.657 29.052 
55.456 97.241 
14.13 1.286 
76.733 21.818 
18.225 92.783 
99.248 47.581 
67.087 42.832 
45.138 39.868 
8.431 49.583 
12.137 80.167 
48.773 44.568 
4.835 36.985 
89.435 70.498 
66.448 1.02 
57.92 91.948 
71.173 59.512 
13.387 90.575 
80.688 30.845 
82.104 21.06 
66.244 27.835 
46.602 66.102 
69.554 50.141 
94.601 94.498 
88.597 36.545 
79.948 58.14 
89.972 36.834 
73.755 10.83 
11.944 54.426 
77.69 97.994 
2.908 65.085 
90.838 3.88 
48.561 64.823 
33.632 95.836 
82.81 40.377 
49.549 62.846 
70.54 9.696 
57.455 59.873 
21.809 86.486 
76.291 85.172 
11.251 24.516 
37.548 51.581 
34.29 44.217 
25.665 56.999 
28.044 80.219 
42.818 64.779 
13.554 32.024 
92.487 60.559 
1.332 81.924 
2.325 73.13 
35.909 45.722 
38.709 77.925 
33.575 43.52 
7.081 73.303 
9.785 18.085 
65.757 79.962 
92.09 40.672 
77.424 33.92 
27.735 56.105 
18.972 50.453 
6.845 60.131 
44.942 88.719 
51.625 57.267 
20.078 59.689 
97.999 9.1 
99.195 57.414 
88.197 33.028 
18.151 9.888 
36.685 57.779 
73.065 76.636 
11.533 2.447 
61.472 37.092 
7.15 42.857 
89.806 16.735 
29.229 46.783 
35.053 24.955 
42.966 67.152 
76.425 74.697 
27.683 64.083 
47.948 81.046 
35.333 18.531 
47.79 54.743 
74.319 63.518 
26.102 14.481 
5.301 56.51 
69.475 48.131 
36.217 96.856 
10.381 61.498 
69.522 8.019 
40.551 29.078 
22.348 21.296 
19.464 79.83 
44.84 3.988 
92.489 90.871 
28.647 4.801 
99.979 25.453 
5.33 52.884 
64.278 33.596 
23.077 6.041 
62.09 73.656 
30.943 25.741 
88.073 17.848 
80.922 57.426 
54.647 58.341 
96.408 2.31 
12.574 58.51 
13.832 51.172 
22.894 75.328 
22.6 20.006 
95.89 86.19 
89.572 96.521 
94.21 99.786 
7.245 5.489 
52.61 74.588 
54.018 31.579 
38.054 55.835 
45.585 44.077 
91.062 34.303 
33.895 42.7 
46.573 20.948 
35.025 27.803 
86.911 16.357 
12.33 67.599 
9.118 11.246 
8.085 93.325 
76.57 28.24 
85.153 52.183 
30.938 41.737 
96.499 90.182 
65.498 5.54 
60.916 16.405 
83.924 87.925 
20.802 19.647 
47.363 57.88 
86.846 34.937 
91.56 78.182 
26.219 49.579 
68.325 98.601 
64.255 44.971 
69.972 47.399 
28.489 69.933 
13.541 36.56 
97.453 99.338 
50.791 59.422 
13.828 59.305 
75.831 2.397 
49.684 80.998 
32.64 28.463 
13.122 74.045 
64.999 59.022 
27.852 18.155 
9.264 1.575 
1.892 51.048 
33.014 4.358 
28.947 17.503 
31.21 36.415 
32.019 19.342 
38.57 3.074 
43.35 52.381 
32.531 66.67 
95.531 81.633 
12.656 23.094 
42.844 85.662 
99.329 21.113 
93.011 62.899 
75.653 86.296 
44.194 68.909 
11.733 30.871 
82.997 33.672 
31.431 20.003 
15.306 77.534 
66.847 54.241 
94.18 44.754 
24.906 23.524 
86.038 2.205 
44.907 34.885 
96.937 67.025 
49.062 32.549 
46.058 7.434 
32.676 56.852 
89.431 43.468 
89.453 67.925 
67.969 69.944 
75.871 88.831 
51.259 23.48 
0.65 0.111 
1.408 20.364 
62.579 6.857 
11.09 73.595 
54.947 62.579 
62.773 60.972 
97.653 78.068 
66.065 94.868 
96.664 88.367 
8.147 91.969 
23.327 91.128 
98.986 20.607 
5.666 60.896 
50.386 55.926 
61.234 87.035 
65.024 57.206 
52.631 65.991 
12.773 25.671 
24.086 67.694 
83.912 0.839 
59.977 91.054 
44.954 29.881 
69.448 98.077 
28.494 93.69 
25.271 90.489 
98.685 47.524 
43.839 77.576 
90.97 45.688 
98.859 48.481 
78.348 55.878 
14.865 28.23 
60.745 93.719 
13.613 67.834 
59.587 83.946 
8.117 48.95 
27.407 96.474 
6.427 19.269 
59.937 44.316 
90.455 29.358 
77.989 12.803 
0.27 22.911 
85.646 43.065 
71.602 48.004 
63.4 71.414 
25.062 51.075 
26.625 71.977 
19.723 24.71 
76.344 62.169 
4.46 30.15 
30.779 80.841 
29.572 0.527 
92.514 44.065 
32.818 99.951 
23.445 5.495 
76.131 98.897 
96.231 4.063 
57.757 45.862 
57.873 7.495 
16.802 40.004 
44.208 44.682 
42.036 18.381 
64.776 48.519 
58.304 2.921 
46.683 0.511 
84.907 74.649 
95.353 6.612 
52.635 91.138 
34.266 36.112 
20.897 71.327 
73.563 2.954 
69.947 81.046 
18.712 3.563 
74.769 29.122 
70.598 37.825 
9.055 2.968 
27.457 2.467 
60.552 35.318 
16.717 92.564 
25.05 72.759 
32.124 61.709 
44.387 65.196 
24.019 75.913 
61.025 82.683 
24.692 9.842 
65.556 51.813 
69.643 35.109 
11.342 56.462 
77.451 87.733 
46.789 29.129 
64.84 98.235 
56.881 7.985 
8.753 66.578 
64.464 64.211 
52.285 34.953 
69.32 93.421 
90.67 15.145 
61.747 35.892 
26.35 50.805 
49.962 32.492 
19.176 80.633 
57.068 90.881 
93.928 87.018 
71.585 28.462 
47.999 88.822 
90.898 65.406 
44.848 14.155 
79.673 46.968 
63.203 84.141 
4.671 65.016 
61.651 11.029 
40.604 92.437 
10.522 37.47 
75.772 48.37 
18.313 63.928 
83.079 64.972 
4.492 31.532 
18.234 69.768 
37.739 57.792 
60.199 77.523 
85.883 17.489 
53.78 84.261 
75.055 24.937 
41.485 22.502 
0.361 50.792 
0.498 6.933 
11.861 71.491 
3.316 13.004 
61.31 86.938 
44.561 4.938 
4.628 35.332 
90.521 22.775 
7.39 46.061 
46.843 13.34 
23.457 48.424 
28.52 14.081 
11.781 50.001 
78.231 60.381 
77.932 61.109 
49.292 37.578 
21.667 88.107 
88.056 95.617 
75.867 5.545 
13.211 38.659 
21.612 22.919 
88.838 32.113 
36.986 85.466 
4.673 55.35 
16.206 84.447 
77.405 32.553 
55.42 18.862 
46.44 94.57 
92.337 6.777 
48.656 9.727 
99.995 0.052 
95.59 6.958 
0.593 51.876 
44.192 43.004 
67.075 73.538 
89.947 58.149 
37.194 68.228 
10.835 13.606 
92.571 28.738 
84.756 56.657 
91.014 8.17 
99.23 41.032 
27.546 54.871 
65.543 68.716 
55.433 24.138 
59.424 52.68 
14.035 83.051 
18.249 81.18 
96.592 24.402 
88.26 72.813 
82.429 15.415 
27.132 70.352 
43.351 68.733 
85.204 75.161 
75.143 6.429 
28.459 27.232 
3.914 69.864 
69.615 55.868 
18.166 15.53 
79.507 73.587 
5.452 79.554 
86.759 28.826 
79.096 3.309 
58.445 99.274 
38.163 31.863 
40.49 51.825 
53.194 27.122 
21.128 33.854 
42.805 51.881 
99.809 80.884 
3.508 0.34 
46.046 75.163 
28.871 50.378 
64.905 44.457 
99.065 17.794 
63.531 44.74 
20.565 97.206 
2.329 69.534 
95.268 63.595 
51.247 91.826 
85.304 27.782 
32.444 47.354 
35.794 84.313 
82.873 80.619 
51.204 80.411 
85.456 17.677 
67.923 85.235 
35.196 25.093 
53.049 85.726 
29.804 78.375 
5.45 87.538 
21.086 4.63 
99.568 40.016 
67.08 82.978 
57.761 57.42 
5.929 26.009 
93.925 65.329 
24.874 30.756 
77.7 3.02 
13.766 21.388 
78.601 44.196 
0.865 41.987 
33.579 57.204 
86.01 81.576 
22.314 56.681 
20.268 24.367 
48.006 2.813 
6.913 2.751 
56.163 2.336 
95.827 70.394 
25.231 19.691 
50.916 79.222 
56.543 83.092 
14.666 55.145 
91.507 58.385 
2.741 45.472 
89.8 13.833 
31.154 71.636 
73.396 23.863 
45.597 91.812 
40.639 79.176 
5.14 31.497 
4.883 61.396 
35.767 50.027 
32.725 51.158 
63.915 83.766 
16.326 72.383 
3.904 55.844 
98.26 22.815 
28.014 16.621 
55.021 52.458 
3.127 80.317 
89.925 58.163 
82.602 95.116 
91.439 90.587 
44.582 23.473 
6.697 74.429 
30.264 62.476 
49.091 50.925 
6.023 34.82 
81.422 96.769 
97.018 86.415 
51.188 0.119 
54.002 63.009 
2.683 71.696 
63.99 10.371 
80.763 64.524 
56.839 88.168 
46.616 15.108 
65.464 8.425 
58.138 80.794 
59.575 59.264 
78.919 11.105 
18.9 32.148 
18.926 65.504 
25.374 79.584 
70.039 1.178 
67.247 54.857 
9.665 53.334 
73.364 47.593 
97.068 62.084 
95.372 61.983 
75.115 68.089 
54.716 6.725 
39.39 32.726 
92.431 75.877 
70.08 43.99 
73.901 49.985 
67.377 65.088 
25.184 1.532 
56.183 67.305 
65.564 53.116 
45.92 64.153 
38.484 33.343 
87.642 7.605 
66.523 83.814 
38.514 65.161 
67.369 72.186 
89.596 31.884 
87.006 17.667 
52.183 40.668 
71.448 99.712 
9.929 85.555 
83.511 89.734 
54.959 49.817 
7.023 9.181 
68.289 98.916 
62.934 89.26 
52.015 75.882 
91.048 35.087 
24.562 96.748 
57.374 62.49 
50.237 35.765 
45.191 94.633 
18.139 96.336 
14.065 69.402 
78.988 1.404 
95.756 67.889 
54.991 21.6 
29.089 88.393 
56.828 28.5 
47.63 67.558 
16.206 4.556 
98.059 67.252 
91.223 85.852 
50.515 46.393 
45.065 27.383 
71.365 30.775 
11.332 3.101 
79.715 20.509 
79.167 92.717 
87.931 11.22 
42.653 47.421 
8.826 12.467 
80.628 16.385 
91.29 78.938 
82.585 8.47 
88.926 6.084 
65.456 3.379 
41.898 78.185 
5.018 49.658 
91.217 90.22 
5.424 93.675 
18.091 52.779 
4.3 65.068 
80.494 89.648 
54.236 71.511 
21.729 19.459 
51.584 93.751 
88.37 63.774 
13.957 16.537 
13.709 20.818 
33.479 76.64 
24.386 54.41 
1.933 51.225 
19.92 33.192 
84.981 63.273 
97.191 35.772 
15.12 88.318 
61.291 53.899 
6.178 8.316 
89.599 99.146 
26.343 46.134 
19.018 98.944 
46.787 84.531 
45.487 24.425 
50.79 70.663 
48.902 67.636 
97.026 27.975 
6.325 36.915 
38.582 40.432 
3.21 58.554 
68.267 51.263 
94.163 40.533 
15.32 18.3 
91.181 66.638 
84.649 17.924 
4.55 22.593 
12.397 68.212 
39.781 11.761 
57.13 75.535 
4.508 16.744 
69.462 26.756 
57.797 11.769 
12.503 61.869 
79.451 25.84 
49.785 68.759 
17.482 99.077 
45.243 85.428 
10.308 37.574 
25.068 78.831 
14.285 35.947 
76.751 6.466 
54.381 58.672 
63.222 30.358 
0.867 19.244 
59.326 7.812 
27.075 88.585 
59.388 9.65 
22.608 97.596 
52.709 93.438 
33.048 52.004 
9.464 59.793 
80.235 33.572 
6.643 8.439 
79.706 11.702 
91.758 1.509 
83.483 83.367 
99.415 52.58 
42.956 34.56 
81.794 40.512 
52.822 41.16 
33.762 84.261 
20.015 68.948 
4.057 27.697 
81.711 47.456 
42.678 60.929 
24.928 65.6 
47.918 26.877 
63.899 50.552 
24.359 25.813 
65.633 93.624 
45.25 35.978 
7.453 97.478 
67.181 60.656 
84.477 20.215 
7.665 68.619 
47.059 71.724 
65.902 61.795 
49.687 81.178 
88.141 18.885 
3.219 12.014 
43.339 27.213 
98.861 82.301 
92.886 74.438 
88.025 61.177 
51.055 76.086 
72.911 26.704 
96.854 76.576 
39.576 67.846 
18.001 80.956 
30.56 52.896 
37.49 98.518 
9.885 29.594 
98.779 85.559 
83.363 70.761 
34.082 80.017 
84.851 84.511 
14.397 45.096 
97.963 56.141 
63.348 37.539 
31.665 92.123 
14.622 56.195 
56.223 32.388 
89.603 25.078 
71.513 6.791 
78.625 12.711 
85.902 45.306 
50.836 72.369 
9.996 63.599 
41.212 29.715 
91.906 68.08 
39.171 67.947 
61.515 44.774 
39.897 85.386 
47.179 30.222 
19.347 7.781 
39.187 14.692 
15.308 84.36 
80.208 10.298 
3.91 98.096 
33.129 69.825 
31.203 4.195 
8.835 11.274 
68.748 65.846 
53.91 13.274 
30.359 70.375 
42.687 35.265 
68.528 91.008 
12.882 39.92 
15.631 22.765 
22.944 72.485 
28.416 57.507 
90.701 5.933 
75.092 54.524 
18.297 19.614 
99.13 36.752 
77.462 32.705 
65.166 24.252 
43.012 66.621 
82.736 9.011 
99.485 72.7 
82.335 50.472 
48.322 96.014 
40.185 33.098 
78.719 40.859 
31.862 67.036 
27.277 10.193 
88.505 97.586 
66.871 29.103 
48.574 86.899 
85.47 60.996 
22.165 32.152 
59.815 33.124 
37.063 13.395 
19.147 6.369 
28.919 64.682 
13.397 81.042 
79.115 23.454 
50.29 68.515 
77.758 74.045 
86.091 77.038 
24.846 86.775 
97.386 5.558 
55.787 80.683 
77.654 47.018 
45.363 74.423 
29.484 35.306 
93.791 89.823 
71.102 31.423 
37.174 66.134 
97.213 12.886 
54.866 81.831 
60.252 97.964 
68.057 76.226 
21.445 86.648 
80.336 28.129 
31.42 87.384 
1.895 46.807 
69.986 85.08 
97.052 61.832 
12.11 25.722 
76.492 29.006 
47.772 4.723 
37.826 7.353 
35.215 90.094 
8.256 36.961 
89.602 76.895 
82.317 2.956 
95.324 48.588 
32.794 56.929 
62.752 23.041 
9.688 67.76 
91.198 92.522 
19.223 34.325 
98.633 29.163 
56.664 42.232 
89.463 59.232 
54.384 34.26 
71.67 24.547 
58.589 23.866 
9.034 72.063 
9.239 2.729 
22.957 82.149 
18.152 87.549 
31.19 73.08 
96.241 10.33 
29.888 91.504 
34.902 55.497 
4.128 3.845 
43.932 83.76 
0.142 68.937 
42.741 0.524 
88.538 48.701 
25.331 26.315 
0.138 59.081 
83.086 5.788 
16.181 45.719 
33.302 34.362 
31.304 94.502 
0.935 82.849 
94.82 34.847 
46.007 73.341 
43.475 53.325 
67.311 97.134 
2.313 12.6 
21.184 73.803 
15.278 49.1 
82.935 62.978 
29.214 50.583 
60.459 8.94 
15.319 96.711 
75.073 0.609 
75.49 24.756 
81.294 31.536 
20.815 79.88 
35.122 3.487 
64.816 5.134 
86.761 86.364 
35.068 91.393 
53.994 36.613 
12.199 9.754 
55.455 43.872 
25.814 58.586 
64.365 54.344 
32.008 73.244 
22.813 8.336 
33.056 72.945 
45.985 24.228 
8.025 1.533 
96.933 42.955 
24.219 63.132 
17.35 7.903 
81.869 67.16 
33.693 93.592 
82.622 71.994 
55.341 92.579 
43.771 73.237 
70.425 65.449 
15.27 28.403 
85.297 2.734 
64.095 30.775 
91.416 87.421 
97.241 77.85 
64.751 75.225 
53.368 98.037 
77.378 19.075 
51.279 61.857 
62.935 98.982 
95.44 56.578 
82.617 87.365 
0.117 36.016 
0.016 77.574 
36.038 79.379 
36.933 59.552 
4.324 39.346 
56.248 98.777 
1.837 59.665 
14.745 72.629 
82.022 86.621 
84.813 29.148 
50.494 90.682 
90.991 29.151 
34.139 71.845 
50.767 53.015 
66.452 83.089 
77.338 49.793 
96.794 61.386 
99.505 54.317 
20.614 46.62 
97.716 96.836 
10.256 92.679 
70.474 29.749 
44.232 27.622 
84.943 63.122 
99.972 4.905 
78.592 31.002 
92.077 76.007 
17.632 91.189 
81.502 84.785 
97.345 37.081 
21.981 9.059 
61.321 13.752 
21.585 29.459 
76.876 82.991 
47.07 60.073 
9.766 90.546 
12.323 95.546 
56.647 82.24 
69.938 12.388 
28.471 70.31 
9.624 72.226 
76.718 52.982 
44.971 99.629 
44.304 4.303 
3.158 63.637 
69.61 94.012 
35.816 65.343 
25.567 77.905 
56.141 29.203 
88.076 80.624 
31.718 68.4 
71.836 64.004 
59.685 47.274 
26.15 14.32 
26.031 13.975 
37.581 60.86 
17.71 74.858 
74.247 30.944 
43.094 25.05 
13.429 64.534 
68.2 18.122 
52.15 34.345 
50.066 70.444 
50.724 20.755 
21.856 20.149 
73.716 40.497 
2.807 96.105 
46.019 30.224 
57.271 95.401 
34.416 48.561 
65.669 57.075 
65.784 9.82 
27.211 74.4 
14.564 82.759 
77.728 71.969 
67.474 68.748 
98.744 67.604 
49.687 16.61 
38.356 81.035 
56.339 78.169 
24.901 78.838 
76.191 54.928 
30.904 89.469 
52.991 18.863 
29.441 85.078 
21.733 30.667 
39.91 60.049 
98.628 81.027 
79.827 97.324 
63.956 90.108 
74.579 29.558 
15.755 18.338 
2.746 32.761 
27.641 27.678 
64.486 51.506 
55.478 79.787 
74.614 69.606 
84.842 39.813 
96.897 78.219 
97.479 52.341 
16.973 89.798 
91.074 43.174 
14.795 38.575 
10.121 64.032 
49.111 17.432 
21.287 2.752 
83.052 5.091 
99.077 4.847 
97.417 28.758 
39.73 3.518 
91.043 98.853 
91.131 89.504 
30.892 82.731 
82.177 11.207 
89.889 56.11 
55.435 65.267 
28.243 69.61 
95.557 44.861 
41.19 53.321 
93.154 33.755 
62.284 65.479 
71.961 50.91 
77.492 9.475 
13.84 59.877 
15.643 7.343 
72.004 56.576 
94.689 82.468 
87.406 13.912 
84.179 8.447 
52.406 4.888 
90.661 50.768 
55.324 72.834 
72.865 35.906 
98.502 95.004 
51.597 93.022 
10.504 50.73 
67.769 35.679 
20.784 44.517 
63.895 5.769 
66.228 8.295 
17.441 52.299 
37.964 4.381 
8.503 42.987 
71.937 12.53 
54.165 79.075 
6.425 96.075 
56.718 4.813 
41.344 54.825 
0.023 52.085 
27.569 45.585 
26.62 86.394 
6.272 4.118 
75.675 59.96 
73.767 56.519 
52.07 82.957 
82.633 70.368 
60.074 21.471 
58.62 98.797 
74.416 57.134 
54.785 29.589 
94.007 94.421 
81.511 73.134 
11.179 51.895 
51.455 85.753 
46.457 49.275 
35.586 55.868 
50.503 22.138 
25.862 44.117 
30.598 74.31 
73.364 5.139 
22.799 88.071 
17.649 36.965 
3.476 75.937 
77.52 9.82 
66.606 44.785 
27.756 10.604 
96.642 43.238 
36.462 69.026 
16.071 57.504 
8.495 34.37 
0.377 75.461 
60.183 9.561 
36.798 93.19 
70.965 20.192 
14.669 28.408 
20.54 97.395 
48.243 48.681 
93.147 2.719 
56.322 2.137 
5.127 72.498 
29.232 67.353 
75.677 41.756 
25.853 53.6 
40.286 76.27 
99.882 70.532 
86.382 94.038 
86.172 90.386 
11.439 64.046 
56.289 64.073 
76.959 8.274 
17.199 31.005 
59.91 47.065 
94.04 67.994 
92.036 88.383 
47.658 64.556 
88.342 56.266 
15.498 8.387 
65.295 13.46 
91.261 33.303 
49.931 97.455 
40.137 50.884 
87.635 54.039 
62.371 2.817 
33.039 19.046 
2.275 76.827 
13.328 56.711 
80.124 11.434 
2.893 38.542 
37.546 84.673 
64.832 87.05 
54.707 74.986 
40.562 12.375 
39.168 91.953 
11.727 78.667 
89.378 28.09 
75.898 76.144 
97.081 19.221 
54.672 20.418 
28.119 52.141 
59.98 49.216 
6.793 5.865 
1.804 54.104 
47.454 15.802 
19.967 86.4 
65.462 82.985 
37.74 19.372 
40.281 25.607 
97.634 77.214 
2.597 5.498 
47.911 20.539 
11.995 27.961 
2.848 1.067 
32.552 33.462 
10.992 44.117 
93.118 81.566 
24.857 35.893 
18.114 7.089 
26.543 5.588 
24.071 84.081 
97.417 9.198 
29.679 0.748 
77.972 94.433 
6.501 11.408 
15.313 88.25 
58.334 37.823 
55.406 59.85 
66.867 70.988 
7.507 90.537 
27.263 73.346 
53.007 14.496 
31.011 59.548 
88.777 79.555 
25.821 23.73 
59.859 83.15 
95.927 8.297 
98.613 46.669 
12.326 56.113 
72.408 68.94 
97.978 35.73 
99.631 65.512 
62.357 68.621 
0.872 2.267 
83.533 47.607 
93.189 87.343 
14.568 32.487 
72.214 38.618 
40.685 60.359 
69.029 9.277 
52.373 1.335 
91.035 51.078 
95.619 39.287 
68.57 52.102 
78.743 83.716 
10.976 20.708 
62.934 21.796 
84.767 67.699 
88.99 46.303 
91.235 37.469 
2.239 79.904 
54.146 55.202 
64.95 19.664 
20.27 86.128 
86.129 6.849 
35.065 41.509 
60.557 14.902 
32.958 72.501 
62.311 10.833 
89.571 22.57 
52.097 91.484 
92.778 79.136 
29.723 23.87 
35.363 19.62 
37.83 57.033 
47.403 54.119 
25.724 4.732 
82.503 36.02 
67.34 82.446 
12.125 84.517 
42.12 49.312 
91.978 94.217 
29.045 41.477 
59.444 56.291 
1.63 46.696 
99.606 68.604 
30.5 6.356 
24.057 68.841 
65.927 8.276 
72.563 20.394 
63.736 47.901 
41.574 44.114 
89.389 13.775 
43.529 25.762 
10.082 52.33 
17.179 14.109 
1.702 56.528 
14.959 17.085 
39.527 10.307 
32.8 3.037 
27.5 58.417 
14.124 79.496 
85.389 54.556 
7.76 47.32 
46.297 41.838 
33.647 35.426 
21.308 56.535 
32.433 45.777 
24.234 6.764 
99.476 70.485 
94.795 9.677 
10.656 49.728 
47.418 43.797 
62.956 89.908 
2.684 59.378 
66.861 82.412 
71.083 5.476 
27.288 42.971 
44.251 52.145 
91.244 14.188 
57.474 64.154 
17.545 62.236 
59.713 22.536 
69.516 72.438 
83.434 37.067 
0.915 63.945 
50.313 62.673 
79.504 43.623 
39.449 30.998 
89.656 25.03 
71.728 7.209 
21.463 98.423 
32.034 3.21 
28.828 80.937 
28.609 58.936 
69.622 93.25 
56.724 65.064 
63.104 96.694 
32.162 12.33 
1.828 0.391 
24.752 30.767 
54.089 2.451 
42.406 88.088 
15.87 51.798 
64.912 55.441 
71.517 54.2 
62.456 70.278 
13.24 26.91 
45.73 14.789 
94.111 63.949 
31.607 39.527 
52.808 40.477 
52.898 55.907 
38.331 36.292 
33.562 63.726 
11.182 49.903 
52.057 48.825 
22.068 84.634 
30.287 51.314 
83.767 26.262 
4.446 6.017 
76.474 39.309 
89.289 37.537 
24.817 4.489 
19.341 86.873 
51.722 30.36 
90.098 31.767 
62.231 17.604 
82.582 10.163 
9.504 54.231 
65.292 91.44 
36.785 63.559 
28.916 23.19 
59.895 56.088 
43.311 46.716 
99.666 97.096 
45.109 77.598 
21.067 77.632 
2.894 47.632 
81.689 10.974 
5.518 24.724 
11.831 54.14 
57.151 42.69 
60.616 57.976 
81.823 61.36 
33.682 81.126 
55.777 35.18 
60.333 84.406 
1.006 39.484 
16.461 16.711 
23.426 34.988 
34.517 74.021 
71.907 99.394 
18.433 34.727 
68.427 16.523 
99.506 83.119 
30.914 60.225 
17.59 9.271 
94.249 15.401 
9.472 33.057 
40.47 17.295 
2.643 6.13 
18.402 76.969 
33.0 78.644 
92.712 72.05 
33.651 67.735 
49.015 60.251 
6.436 98.179 
31.67 6.876 
75.523 93.862 
65.275 84.601 
59.927 31.62 
58.686 73.992 
64.167 54.991 
68.682 49.887 
43.141 70.584 
22.33 38.061 
74.981 42.798 
88.271 15.343 
93.358 65.556 
93.36 83.726 
6.447 71.827 
16.135 98.473 
79.75 37.132 
71.24 95.51 
48.301 90.636 
18.96 13.264 
75.435 94.629 
23.833 84.067 
8.109 80.488 
77.585 81.401 
28.615 31.81 
26.447 43.858 
26.679 33.422 
42.791 24.872 
36.9 91.641 
76.823 62.523 
83.509 62.684 
15.933 1.122 
89.72 76.828 
81.69 97.318 
76.87 20.903 
90.723 18.208 
80.331 81.498 
6.239 66.084 
71.983 18.751 
21.738 12.691 
85.578 56.928 
23.687 29.509 
55.007 93.775 
34.95 97.98 
97.326 77.719 
94.805 38.427 
9.504 54.654 
94.437 11.28 
47.692 44.72 
23.328 33.333 
58.197 65.373 
44.793 76.402 
77.473 50.359 
29.356 53.039 
85.027 84.096 
88.368 63.633 
71.856 22.007 
16.914 72.967 
17.014 9.278 
4.808 18.972 
33.464 69.852 
45.813 55.891 
91.984 84.881 
66.914 48.553 
88.502 18.129 
75.367 91.117 
28.645 43.02 
95.719 54.428 
8.378 37.829 
18.43 12.232 
16.05 63.373 
64.21 97.255 
81.764 73.516 
41.482 55.825 
44.712 27.122 
7.479 56.362 
3.356 54.697 
8.026 62.774 
55.558 68.401 
73.208 96.896 
82.665 4.714 
86.849 11.425 
6.857 74.501 
90.389 40.27 
77.114 48.162 
4.32 52.021 
81.632 18.584 
17.835 98.241 
11.164 45.97 
29.503 58.182 
69.137 55.442 
94.553 1.389 
75.867 92.537 
29.255 47.884 
59.681 85.19 
92.451 26.536 
28.966 90.756 
39.792 12.597 
67.956 48.356 
8.961 11.02 
37.727 30.319 
13.557 20.092 
40.286 6.514 
24.295 70.055 
94.408 1.583 
93.85 63.0 
56.814 74.474 
9.398 23.918 
99.752 88.315 
57.452 78.457 
50.734 73.204 
21.453 19.233 
13.977 22.333 
50.104 16.287 
87.157 5.542 
14.821 7.64 
21.138 0.81 
18.766 29.857 
91.312 56.434 
74.906 2.846 
5.445 62.927 
95.235 24.368 
6.056 27.314 
44.645 8.272 
73.972 10.153 
87.096 33.081 
0.814 40.072 
22.707 81.747 
90.987 43.659 
83.85 28.036 
70.466 65.694 
34.398 31.673 
58.926 12.889 
68.645 32.466 
78.934 99.767 
82.582 27.742 
47.889 39.825 
17.515 73.568 
41.298 99.569 
0.974 62.564 
25.357 65.45 
22.569 23.307 
18.231 44.536 
92.904 45.798 
0.501 90.484 
80.237 64.089 
74.808 11.555 
42.279 42.805 
25.364 90.161 
28.437 83.016 
99.64 39.11 
49.911 18.351 
70.491 98.83 
3.114 4.512 
39.385 46.183 
16.463 96.378 
76.025 54.07 
88.182 48.285 
44.474 97.728 
68.617 5.312 
85.978 48.503 
40.994 95.171 
45.171 69.418 
50.998 60.195 
74.187 80.743 
37.018 85.502 
21.648 12.291 
51.013 88.681 
40.452 62.778 
1.18 79.409 
76.112 95.454 
85.687 96.266 
7.987 0.526 
79.155 45.343 
0.168 59.714 
86.398 72.809 
20.832 20.937 
57.19 62.631 
50.457 7.087 
23.001 40.366 
34.768 78.095 
65.538 59.968 
24.528 10.096 
26.873 60.723 
43.481 74.566 
1.982 74.39 
91.949 62.506 
99.54 86.534 
64.909 91.297 
40.79 25.467 
63.444 88.305 
78.913 80.822 
1.072 1.87 
0.186 67.321 
51.024 11.829 
66.313 26.641 
25.425 57.213 
6.461 73.4 
6.816 92.837 
57.333 1.372 
68.569 21.423 
61.083 50.386 
36.428 28.548 
45.013 81.867 
59.477 45.765 
36.353 23.337 
20.896 6.97 
52.788 98.743 
11.29 87.442 
34.681 1.117 
98.582 40.897 
42.443 82.397 
73.675 1.087 
46.493 56.045 
8.234 94.052 
20.266 15.814 
18.614 88.211 
25.698 9.935 
36.238 97.019 
24.847 90.666 
27.777 7.639 
33.163 85.927 
55.403 90.913 
63.296 14.89 
88.052 97.408 
42.119 75.422 
2.44 70.912 
53.974 19.819 
86.86 95.048 
13.052 95.154 
19.146 20.279 
2.792 84.679 
71.149 10.446 
64.859 25.234 
82.408 92.595 
96.229 80.564 
33.043 39.278 
88.238 36.99 
19.988 62.767 
73.745 70.859 
84.336 10.841 
65.922 87.989 
73.903 13.142 
50.115 30.403 
47.657 95.43 
40.38 91.364 
21.986 76.303 
22.411 33.048 
75.178 59.121 
95.265 88.328 
98.0 90.8 
76.219 26.509 
88.857 28.456 
46.615 86.775 
84.022 5.195 
1.292 64.107 
39.831 0.797 
4.219 20.058 
85.34 26.754 
61.843 96.089 
64.733 44.064 
6.39 4.747 
86.111 42.775 
70.466 69.301 
93.078 68.825 
41.828 15.368 
9.204 25.989 
98.373 57.867 
77.719 10.864 
61.351 25.235 
72.375 96.903 
11.308 70.633 
44.731 25.918 
86.11 81.75 
55.536 29.844 
68.034 58.615 
77.898 55.017 
17.206 56.924 
93.686 13.044 
44.744 46.364 
68.885 58.408 
77.605 24.614 
80.834 6.465 
79.583 27.678 
66.226 69.058 
93.298 21.857 
72.868 53.919 
69.845 14.357 
87.047 83.435 
52.624 48.309 
20.589 31.89 
43.523 43.587 
31.182 3.623 
38.737 14.075 
72.859 40.033 
93.46 17.112 
83.492 67.341 
90.168 4.879 
90.319 82.134 
63.178 81.664 
53.701 62.047 
6.933 60.507 
3.607 90.917 
90.197 5.904 
28.646 7.054 
79.246 70.702 
59.46 80.412 
11.272 35.208 
9.768 46.797 
57.775 77.131 
2.256 45.542 
36.106 18.327 
3.492 60.041 
63.528 93.481 
72.698 1.41 
31.057 28.971 
29.032 64.437 
54.585 69.018 
91.976 22.626 
60.99 4.783 
62.657 30.863 
5.793 94.873 
92.833 19.199 
35.237 44.467 
20.99 40.848 
0.544 93.011 
55.824 49.526 
68.882 2.477 
61.85 16.658 
20.341 77.303 
73.718 44.856 
67.068 63.228 
29.884 0.664 
83.701 2.572 
89.86 70.851 
6.083 89.613 
95.28 95.43 
48.874 26.873 
37.715 71.714 
14.511 67.481 
5.917 10.468 
23.032 8.11 
14.087 0.291 
21.772 61.383 
67.082 79.425 
26.675 84.092 
61.344 44.622 
69.393 99.096 
78.434 7.161 
18.617 40.241 
85.117 20.159 
41.085 93.287 
69.193 40.044 
30.954 87.508 
78.153 70.357 
47.566 28.021 
16.728 92.289 
71.62 61.818 
47.359 4.437 
9.43 67.858 
49.701 39.195 
51.49 39.437 
11.458 24.373 
32.838 89.191 
42.034 10.897 
73.247 72.285 
80.011 22.879 
78.706 67.575 
25.548 12.587 
5.215 5.27 
55.546 71.139 
75.498 72.293 
2.453 71.558 
52.978 66.733 
5.885 85.879 
31.186 47.677 
78.153 39.457 
17.055 72.433 
53.397 76.758 
11.625 15.004 
54.899 24.029 
5.363 48.915 
98.932 95.089 
43.258 40.831 
79.788 20.24 
15.837 29.552 
32.109 6.453 
76.481 39.3 
75.617 50.616 
41.722 58.411 
7.601 36.261 
26.097 60.689 
80.835 33.698 
91.712 16.521 
67.879 89.139 
74.157 40.639 
65.694 38.142 
7.071 16.118 
74.975 51.457 
98.526 6.671 
42.707 57.922 
65.858 7.251 
53.83 51.423 
47.482 84.916 
10.405 2.289 
31.538 41.678 
53.862 32.028 
6.748 80.043 
95.326 92.849 
10.77 6.369 
82.528 60.855 
22.846 45.431 
9.088 42.527 
46.817 5.883 
33.86 78.759 
10.437 96.721 
91.14 77.909 
25.189 29.673 
70.841 34.56 
24.741 42.933 
93.219 62.198 
64.089 38.015 
73.105 15.072 
45.021 5.619 
57.438 15.781 
58.08 48.384 
56.957 8.474 
31.67 53.141 
94.166 47.056 
87.459 82.838 
84.574 14.205 
67.374 62.562 
24.654 11.616 
17.152 91.734 
90.619 97.561 
3.756 33.309 
64.071 79.872 
77.277 72.872 
72.232 61.833 
29.528 70.616 
54.829 11.643 
15.844 33.003 
11.109 79.358 
87.852 57.58 
54.519 70.792 
51.263 59.865 
20.911 17.947 
38.217 3.279 
61.144 54.707 
18.225 62.725 
77.43 57.135 
14.646 5.604 
32.964 8.034 
71.242 32.483 
52.512 21.764 
57.316 97.247 
10.885 41.323 
99.983 75.764 
82.917 38.503 
46.869 43.842 
48.423 66.305 
65.161 78.891 
46.362 33.165 
71.48 9.05 
85.731 17.258 
78.857 67.931 
98.158 25.728 
46.661 69.067 
82.157 59.231 
56.612 10.017 
73.512 65.808 
10.858 21.501 
22.424 17.516 
37.739 83.719 
57.284 66.016 
3.488 9.426 
84.074 89.352 
71.88 61.291 
53.38 35.957 
80.007 72.563 
42.436 75.782 
90.863 86.847 
61.317 9.747 
18.234 77.561 
76.246 48.269 
48.881 18.241 
87.125 26.757 
22.472 4.986 
88.067 3.743 
43.241 39.371 
16.732 91.298 
8.058 39.61 
39.84 82.233 
2.985 64.18 
90.271 74.951 
55.019 38.188 
10.704 75.746 
63.772 61.18 
13.78 75.989 
88.812 62.766 
56.481 25.324 
11.926 45.618 
49.683 15.377 
86.842 42.971 
15.448 1.92 
81.581 16.161 
72.012 5.51 
96.933 73.987 
7.42 26.81 
69.211 8.833 
88.475 73.559 
40.46 95.076 
47.89 56.369 
86.042 50.509 
9.192 92.339 
79.172 74.924 
88.653 80.535 
67.807 31.704 
0.528 54.258 
42.147 53.01 
96.433 6.502 
11.301 49.721 
86.486 50.916 
90.392 85.901 
89.733 97.368 
58.354 16.725 
89.488 36.368 
66.062 82.257 
93.416 90.703 
78.194 80.31 
63.148 86.458 
4.355 1.982 
75.651 30.511 
36.446 78.874 
49.818 78.089 
76.281 17.027 
56.306 48.593 
58.724 3.74 
93.585 33.17 
56.778 58.125 
10.529 29.281 
67.758 97.201 
96.754 51.061 
86.093 32.428 
50.76 11.105 
16.581 89.367 
34.073 64.952 
13.01 54.107 
78.56 84.971 
29.713 10.652 
33.293 80.593 
66.206 88.502 
46.934 27.776 
0.867 41.655 
70.185 97.04 
53.637 18.176 
55.455 89.004 
75.953 89.585 
95.729 41.003 
97.288 8.991 
61.457 54.917 
84.344 49.994 
44.161 67.732 
39.58 48.128 
90.348 26.486 
29.871 16.784 
46.624 9.498 
44.379 56.434 
75.958 88.113 
83.572 12.502 
76.984 60.536 
40.449 95.646 
93.158 47.722 
39.012 25.606 
8.103 3.642 
52.781 6.014 
48.161 53.791 
13.327 82.295 
35.703 3.333 
72.378 90.89 
4.857 34.931 
5.365 51.422 
99.953 47.782 
83.944 65.215 
66.628 6.332 
30.305 57.615 
70.234 80.807 
80.387 13.872 
51.493 84.142 
44.654 5.271 
49.15 36.171 
97.65 34.994 
99.182 22.311 
60.299 42.062 
97.246 4.763 
37.956 17.356 
1.314 27.901 
43.018 94.151 
24.362 82.298 
53.422 72.218 
93.464 12.642 
97.59 6.647 
27.062 14.296 
76.887 33.26 
23.221 20.099 
12.582 25.3 
7.519 46.139 
0.585 48.697 
23.594 50.122 
65.547 27.884 
95.959 47.811 
67.334 44.015 
74.302 53.669 
48.827 47.219 
7.732 35.926 
39.179 43.099 
11.399 27.26 
71.638 37.284 
63.338 47.428 
55.35 49.55 
28.871 79.894 
84.869 20.392 
73.389 2.057 
57.334 74.817 
57.749 57.969 
49.513 11.631 
16.733 75.242 
34.042 76.63 
8.944 53.227 
16.968 24.004 
80.801 71.193 
15.29 64.795 
69.525 48.947 
61.168 27.692 
11.641 92.148 
38.286 64.036 
54.524 29.88 
64.75 85.991 
71.456 27.076 
3.646 13.268 
92.258 76.846 
73.493 23.678 
32.617 71.778 
60.556 14.862 
82.29 24.383 
93.706 75.377 
37.69 72.471 
85.286 42.088 
21.666 22.803 
79.083 78.818 
6.259 72.745 
34.582 84.452 
41.488 89.461 
77.899 41.228 
27.409 35.315 
58.497 92.311 
93.088 0.077 
36.559 87.406 
41.146 85.358 
33.0 85.033 
18.694 68.846 
69.505 20.968 
69.24 1.903 
26.827 37.515 
41.506 87.609 
25.834 77.584 
4.029 49.552 
45.541 66.428 
27.856 79.774 
13.611 14.688 
40.22 23.893 
18.149 83.511 
8.151 50.535 
22.825 39.219 
0.475 25.586 
2.237 74.921 
39.057 51.189 
46.675 58.372 
36.198 13.677 
41.425 80.375 
64.44 48.06 
48.698 84.317 
45.032 15.695 
8.672 94.475 
90.222 41.503 
8.216 21.793 
52.626 54.903 
70.311 88.32 
31.966 46.788 
3.212 79.849 
46.603 75.92 
52.388 43.874 
30.887 0.668 
79.381 48.193 
13.924 22.806 
34.44 92.787 
89.334 84.063 
22.706 54.287 
3.881 90.664 
9.563 90.955 
13.686 65.706 
91.432 43.311 
83.891 21.433 
12.057 2.784 
35.23 11.251 
53.927 50.457 
92.06 56.441 
19.193 23.75 
43.791 23.962 
95.227 36.451 
97.26 4.137 
33.897 95.595 
4.627 0.687 
5.249 15.373 
41.467 47.816 
57.592 56.259 
90.278 38.123 
52.774 11.374 
21.763 86.525 
59.996 66.162 
1.224 20.632 
38.661 46.073 
88.329 59.223 
37.403 91.597 
4.685 59.358 
63.931 92.132 
31.029 88.987 
41.547 13.271 
44.257 21.007 
11.261 11.7 
44.4 79.009 
53.975 90.874 
35.256 81.276 
79.786 2.943 
14.945 18.245 
86.774 49.761 
94.855 41.451 
22.261 70.747 
2.999 50.708 
40.424 80.832 
94.992 57.581 
48.026 16.433 
34.892 97.071 
58.886 33.544 
8.694 90.567 
13.505 60.82 
44.639 22.203 
30.749 82.961 
5.089 2.841 
46.03 27.522 
40.402 31.242 
78.406 93.4 
23.492 49.089 
42.007 67.334 
73.022 27.839 
10.051 19.231 
54.948 14.088 
63.353 97.86 
92.457 85.482 
30.979 50.084 
48.007 45.932 
41.084 15.171 
88.178 99.089 
28.914 18.162 
14.749 33.952 
71.455 97.067 
70.242 84.693 
68.905 97.388 
8.859 90.681 
80.646 28.422 
71.601 17.189 
24.157 63.717 
76.09 11.126 
29.706 77.046 
58.881 1.299 
46.551 80.027 
17.964 60.181 
35.995 36.52 
83.549 45.898 
56.939 2.463 
55.902 91.656 
92.298 31.864 
16.037 35.313 
69.993 99.801 
91.395 88.272 
5.158 82.207 
75.453 85.424 
80.063 7.17 
44.626 83.709 
79.807 93.717 
64.135 37.075 
23.837 78.754 
36.161 22.393 
92.297 49.423 
65.608 38.393 
1.752 28.315 
91.871 40.098 
21.502 51.754 
59.104 58.38 
82.966 72.797 
27.924 92.129 
51.912 28.75 
72.713 41.304 
19.01 5.914 
75.431 33.25 
13.141 53.761 
32.182 18.143 
43.617 98.805 
87.416 69.589 
16.429 23.622 
49.173 15.908 
27.731 65.924 
62.647 79.423 
37.836 9.729 
7.744 72.209 
49.557 21.66 
13.573 41.59 
29.946 89.494 
16.7 50.8 
97.771 59.121 
28.524 2.468 
55.381 30.403 
43.277 82.115 
90.619 23.588 
16.593 13.541 
85.988 21.01 
85.889 65.743 
69.444 67.117 
37.874 34.784 
21.109 64.387 
49.468 52.65 
44.153 44.779 
13.521 81.938 
18.786 25.986 
88.18 55.706 
93.462 50.991 
82.731 3.284 
3.523 24.776 
68.13 48.443 
17.815 60.883 
28.682 78.756 
59.324 69.322 
83.649 12.044 
73.959 35.384 
77.866 60.895 
32.763 92.371 
21.322 92.352 
77.662 78.309 
42.829 86.05 
81.772 59.0 
28.838 0.248 
51.854 12.794 
67.352 87.915 
78.891 43.56 
46.01 85.332 
20.56 1.375 
66.084 62.443 
52.74 29.723 
81.993 32.092 
95.461 81.548 
99.392 26.23 
99.837 48.798 
5.948 32.08 
14.021 55.39 
58.854 44.835 
91.375 50.888 
70.024 25.528 
71.395 10.717 
20.878 37.042 
64.327 69.494 
60.49 18.377 
12.789 41.258 
93.732 21.862 
44.845 67.576 
82.276 62.091 
44.89 30.113 
29.317 54.948 
23.344 48.597 
44.094 64.3 
29.913 26.603 
42.59 70.131 
66.863 91.251 
87.929 19.129 
47.104 86.04 
99.694 82.896 
3.186 60.391 
9.098 34.324 
19.227 51.612 
21.528 99.661 
43.766 20.276 
45.46 93.916 
22.138 67.265 
8.829 4.814 
3.691 84.489 
36.613 11.873 
89.222 77.069 
71.286 20.378 
30.161 33.332 
95.73 63.549 
7.29 80.699 
27.147 51.605 
45.583 76.09 
6.605 40.449 
27.585 89.773 
95.188 5.762 
16.082 94.611 
83.795 0.554 
57.641 43.563 
42.757 37.717 
48.841 18.835 
52.699 70.965 
19.345 93.264 
28.258 31.83 
22.654 18.029 
67.795 81.238 
62.486 80.601 
85.127 46.183 
7.652 52.685 
4.814 50.106 
16.008 20.993 
56.905 90.352 
78.452 34.097 
39.967 77.896 
8.575 58.462 
63.01 54.687 
67.363 64.315 
59.747 55.494 
39.413 93.382 
4.517 31.217 
92.042 53.834 
29.36 42.445 
18.73 69.953 
84.595 76.398 
92.529 2.311 
13.257 3.225 
11.294 77.925 
10.511 87.287 
20.938 69.957 
43.642 65.113 
31.36 78.233 
81.117 23.408 
86.232 69.625 
39.61 92.677 
40.768 76.877 
29.513 88.918 
15.864 80.581 
28.763 38.193 
19.325 45.84 
50.407 90.8 
40.996 85.309 
7.991 30.727 
24.308 59.148 
84.358 18.081 
70.058 86.878 
83.773 20.4 
77.202 66.545 
16.13 74.718 
44.541 11.508 
54.875 71.039 
3.276 70.075 
30.508 11.299 
33.513 61.394 
66.973 19.468 
6.742 4.548 
26.491 76.352 
50.097 25.135 
10.594 74.444 
6.701 33.095 
31.23 60.542 
99.733 60.72 
21.638 0.981 
96.85 24.663 
50.424 51.158 
55.622 41.032 
99.501 18.247 
20.462 85.894 
81.812 26.872 
81.982 92.754 
14.354 90.992 
58.784 21.849 
73.349 78.63 
47.699 58.647 
99.855 37.221 
87.336 75.788 
86.438 21.213 
48.116 50.447 
28.719 42.612 
93.418 97.072 
32.983 65.233 
62.718 33.717 
6.609 24.362 
1.609 90.639 
87.007 73.056 
65.217 79.234 
32.253 88.817 
91.804 34.547 
74.642 65.186 
79.342 66.499 
86.832 72.603 
1.798 2.351 
88.345 99.531 
10.838 79.585 
4.214 59.153 
72.719 83.888 
37.384 91.812 
26.896 93.387 
77.582 21.73 
73.767 92.683 
8.046 23.244 
63.251 27.421 
80.386 93.248 
14.232 95.23 
40.609 28.116 
52.226 23.696 
77.167 5.629 
27.016 66.431 
84.612 48.977 
10.842 1.945 
66.617 89.462 
32.189 30.13 
79.254 78.715 
54.553 0.759 
55.9 45.827 
24.259 77.462 
79.131 83.253 
99.453 2.181 
97.655 19.143 
0.714 63.237 
42.103 4.876 
60.966 7.134 
2.131 58.912 
33.108 91.844 
81.625 89.105 
5.467 28.673 
24.099 18.292 
87.58 44.476 
73.873 11.026 
34.065 98.969 
0.726 12.359 
86.82 86.045 
37.47 60.834 
32.706 34.579 
87.403 14.142 
51.25 54.21 
96.525 6.659 
70.584 6.77 
4.128 28.261 
70.8 47.847 
20.375 99.39 
86.914 63.622 
83.563 24.314 
74.726 80.923 
11.24 1.893 
87.717 42.05 
61.813 79.108 
73.303 93.589 
62.898 63.17 
56.201 18.05 
32.561 57.863 
0.631 60.708 
58.216 54.829 
30.873 68.607 
72.3 26.078 
15.107 67.181 
99.003 83.532 
98.802 23.874 
28.964 70.744 
32.934 58.379 
37.758 44.23 
69.769 65.595 
60.303 57.003 
62.489 58.044 
19.342 51.241 
73.167 33.58 
42.766 64.57 
88.782 38.408 
18.573 12.839 
94.738 60.343 
45.345 65.582 
35.935 24.158 
86.979 78.086 
84.681 16.069 
21.771 99.088 
14.481 74.931 
44.927 72.507 
64.94 24.627 
69.97 7.297 
39.547 29.651 
23.27 20.036 
19.726 56.714 
2.663 48.019 
41.307 80.23 
2.176 60.585 
74.799 55.113 
40.94 67.598 
30.049 21.499 
33.369 50.753 
95.284 80.42 
23.804 66.748 
57.391 45.217 
62.995 57.168 
95.661 52.383 
68.61 74.229 
59.111 6.369 
75.515 72.487 
61.903 19.714 
36.548 67.355 
41.432 56.237 
28.35 17.667 
23.518 18.492 
63.64 60.28 
8.201 4.269 
68.985 46.366 
84.419 61.629 
47.398 40.131 
45.912 6.056 
54.869 17.723 
74.656 20.966 
72.495 96.688 
55.778 21.678 
63.378 59.387 
86.811 40.243 
34.81 4.965 
66.442 87.513 
95.479 31.98 
33.789 21.893 
26.098 85.984 
75.457 59.218 
93.747 18.397 
83.642 15.974 
49.131 18.744 
12.635 68.973 
82.83 73.957 
51.454 84.857 
35.375 29.628 
4.784 45.459 
49.931 1.048 
2.379 80.104 
19.328 50.221 
33.811 67.258 
7.495 53.98 
35.276 7.531 
85.625 67.838 
50.71 14.952 
13.134 57.852 
88.5 39.945 
17.141 81.882 
31.77 43.092 
15.443 11.482 
11.163 57.172 
70.843 88.58 
20.135 41.421 
41.232 61.769 
51.424 30.878 
90.238 73.177 
96.377 70.057 
11.4 69.183 
24.606 88.595 
45.839 66.662 
25.569 22.919 
42.756 68.719 
58.076 28.834 
56.309 80.204 
37.61 95.65 
72.338 55.231 
88.203 66.734 
39.444 27.782 
95.649 58.045 
82.353 49.826 
30.697 58.366 
97.919 47.217 
95.369 69.696 
30.121 22.543 
22.243 6.054 
23.529 98.281 
20.546 27.205 
10.954 39.731 
22.887 43.46 
72.621 7.15 
90.486 37.866 
68.169 18.933 
38.388 71.953 
96.922 57.933 
85.796 81.048 
74.225 88.769 
19.212 45.078 
93.535 45.386 
23.783 8.754 
94.651 41.414 
18.739 54.325 
32.13 15.904 
94.409 88.143 
82.353 60.858 
81.02 78.002 
16.088 77.607 
6.056 31.713 
52.232 39.388 
9.655 94.45 
86.959 32.484 
38.761 91.104 
31.122 16.349 
50.154 66.673 
27.532 65.404 
45.899 24.919 
3.379 13.382 
37.412 57.154 
61.017 87.623 
14.367 64.132 
5.301 63.014 
17.521 67.881 
65.316 77.309 
55.619 92.233 
93.661 11.397 
63.104 21.351 
65.063 34.28 
21.96 8.307 
82.558 64.754 
31.927 16.331 
26.856 20.219 
12.504 15.455 
25.1 14.724 
13.373 65.053 
4.755 46.33 
51.166 73.073 
37.942 40.246 
92.269 92.96 
8.426 22.779 
99.435 3.362 
32.978 23.854 
55.278 65.431 
26.334 24.415 
15.17 56.754 
96.58 82.893 
22.914 24.252 
55.811 17.376 
6.417 51.169 
45.768 17.389 
7.068 79.637 
64.388 78.182 
38.198 92.382 
90.109 20.489 
91.87 65.998 
64.246 36.605 
89.461 68.712 
50.257 77.397 
44.423 87.725 
0.393 62.84 
38.54 24.227 
76.831 42.774 
38.053 46.658 
50.579 16.957 
86.649 17.485 
69.923 34.5 
49.053 46.24 
87.725 88.287 
6.894 39.326 
60.543 23.809 
29.232 0.666 
97.55 71.42 
17.684 64.501 
6.353 24.885 
16.433 72.784 
29.454 4.944 
94.664 1.356 
83.874 15.612 
94.659 11.877 
35.972 78.946 
3.935 59.629 
91.085 88.348 
12.032 23.202 
92.566 21.057 
64.935 20.151 
23.98 49.76 
73.935 56.666 
83.611 59.847 
41.004 71.64 
47.946 33.516 
93.173 39.871 
66.601 36.072 
56.755 5.377 
94.508 11.41 
0.762 34.09 
96.774 27.57 
84.964 89.256 
64.787 82.299 
45.205 70.061 
59.442 60.421 
62.705 37.1 
54.331 15.888 
28.434 97.981 
30.401 20.285 
36.21 3.661 
95.13 20.894 
72.94 79.492 
71.573 14.264 
54.915 99.355 
90.185 93.34 
71.116 3.074 
52.552 76.608 
36.723 58.894 
26.051 38.687 
68.483 85.64 
56.887 18.995 
61.104 17.721 
31.963 59.107 
53.304 34.922 
95.562 18.757 
52.688 16.16 
28.54 18.784 
23.097 70.826 
97.151 10.74 
36.475 78.82 
25.096 62.076 
65.966 78.342 
49.638 31.28 
44.673 97.663 
57.945 2.405 
78.936 17.339 
8.288 47.02 
31.049 68.743 
11.014 95.244 
27.07 56.754 
46.6 23.407 
27.351 46.103 
56.409 49.026 
66.868 68.777 
39.255 35.64 
22.725 81.352 
71.472 7.873 
97.604 43.345 
70.927 53.14 
49.906 60.595 
31.246 34.904 
64.732 73.042 
0.85 94.247 
92.517 11.918 
70.884 91.091 
69.695 43.318 
9.725 62.954 
7.016 35.047 
93.53 43.323 
43.593 45.532 
3.04 12.691 
26.693 6.806 
27.213 57.658 
93.955 89.998 
46.246 17.615 
10.511 34.994 
16.438 97.148 
57.239 23.093 
7.945 74.825 
9.804 24.682 
8.375 6.837 
19.827 98.816 
47.535 11.933 
40.288 30.749 
64.575 62.672 
46.679 20.716 
17.808 46.783 
22.543 16.566 
47.016 82.397 
79.048 88.445 
92.428 53.779 
46.081 0.367 
16.42 85.999 
62.396 19.056 
25.163 67.633 
51.291 97.311 
92.354 16.988 
76.149 53.884 
31.554 84.65 
84.489 94.192 
71.087 1.17 
39.413 50.14 
74.299 83.931 
5.198 99.697 
40.559 99.267 
1.522 36.044 
82.541 90.417 
19.51 0.145 
65.873 58.199 
8.211 22.081 
80.219 53.421 
40.555 28.005 
36.409 2.416 
37.22 36.954 
37.299 39.28 
47.295 6.876 
73.058 52.379 
32.865 53.567 
56.736 30.973 
20.575 25.011 
84.901 40.761 
36.989 81.411 
19.954 72.681 
11.053 41.935 
90.0 60.347 
72.507 83.305 
76.827 2.208 
96.28 9.84 
91.048 55.568 
73.528 5.464 
29.714 1.535 
45.664 30.253 
38.59 55.786 
58.648 28.225 
38.392 31.198 
99.427 9.033 
94.892 33.671 
4.38 99.706 
47.234 2.216 
4.387 98.744 
37.887 23.24 
71.912 95.219 
22.764 2.004 
1.632 2.493 
96.615 9.209 
91.029 8.729 
78.17 10.361 
20.291 37.199 
96.897 52.189 
57.65 12.793 
28.539 60.792 
38.523 76.847 
76.704 63.155 
53.376 2.742 
71.212 62.878 
48.217 93.914 
49.247 49.699 
17.653 5.506 
75.468 26.129 
52.751 44.692 
78.05 57.667 
16.511 48.864 
71.422 56.681 
83.244 62.309 
65.688 8.802 
35.755 25.412 
45.65 53.881 
48.101 47.456 
20.888 56.766 
5.191 65.444 
38.212 4.601 
1.069 84.207 
56.846 64.969 
45.087 91.2 
49.199 98.067 
83.78 2.532 
99.843 42.034 
22.671 80.165 
71.75 57.875 
79.586 99.876 
71.753 26.605 
59.75 29.273 
68.678 67.709 
0.964 24.771 
15.975 39.718 
22.24 22.618 
55.626 55.212 
46.087 58.148 
64.035 77.144 
63.885 56.221 
56.624 81.208 
93.657 54.244 
96.946 30.309 
42.877 69.457 
99.371 95.74 
48.881 61.275 
8.176 39.643 
16.899 53.134 
41.724 9.674 
2.001 61.293 
60.374 21.493 
65.414 46.538 
12.3 58.426 
82.706 88.075 
61.741 62.801 
70.664 65.577 
13.521 81.441 
27.692 90.2 
75.789 14.668 
18.735 68.75 
26.985 78.981 
47.773 74.009 
4.272 35.827 
86.208 53.494 
50.754 46.228 
77.723 55.077 
19.842 53.898 
83.085 39.524 
91.401 29.754 
