803
801
795
795
795
795
800
824
884
807
803
803
803
810
810
810
813
806
806
808
814
808
804
804
804
804
812
812
812
812
810
810
824
812
812
810
798
795
795
795
797
796
796
812
786
786
802
816
797
797
832
802
802
807
807
806
805
805
813
818
887
825
809
804
804
809
808
808
808
801
801
801
801
801
805
809
805
805
809
807
807
847
822
802
802
802
801
798
798
813
806
808
803
798
797
797
791
791
791
796
798
846
824
815
815
820
816
816
819
819
822
866
813
810
810
810
807
807
807
808
810
811
807
807
807
815
833
824
808
808
806
805
805
805
805
812
811
811
847
834
818
818
832
815
815
815
814
814
804
804
804
811
814
803
803
833
819
819
836
829
814
814
843
821
821
837
843
835
808
808
852
849
823
818
816
814
814
817
817
814
813
813
813
810
810
806
796
796
819
795
795
815
809
809
800
800
804
805
807
848
794
794
794
794
794
795
808
804
804
804
801
800
800
820
795
793
793
790
790
802
795
795
790
789
789
814
799
798
798
793
793
808
820
808
798
798
797
797
790
790
790
790
800
803
798
798
802
806
810
801
801
796
796
810
808
808
810
810
813
814
820
815
811
811
818
822
845
824
807
807
807
807
838
809
809
799
799
799
798
798
799
823
809
801
806
806
824
819
803
803
812
794
794
829
822
811
811
804
799
799
838
827
824
824
824
824
822
822
838
870
806
802
802
802
811
801
801
797
796
796
796
799
800
795
795
804
804
805
800
800
805
809
807
807
807
816
848
849
831
831
831
818
813
813
814
835
832
821
821
858
834
829
829
829
823
823
829
842
822
822
836
819
814
814
808
808
808
808
845
818
818
823
822
822
847
869
884
844
833
833
844
823
823
832
853
821
821
825
804
801
801
802
806
864
827
817
817
812
809
808
808
872
833
813
807
807
807
807
815
811
805
805
805
815
882
834
819
819
819
819
833
819
808
808
810
808
792
792
781
781
792
808
785
777
777
782
778
777
777
837
792
769
768
768
773
796
775
771
771
786
798
774
774
774
783
765
765
777
765
765
765
773
770
770
770
775
775
778
771
771
771
776
796
796
794
794
811
808
808
818
858
821
804
804
802
802
804
802
802
789
789
837
830
800
792
792
795
795
798
784
784
784
795
794
794
793
793
809
805
786
786
787
808
810
810
836
818
813
813
827
818
818
820
847
810
810
810
827
870
825
815
815
806
808
809
812
808
808
803
803
803
844
834
818
818
803
803
810
810
825
803
802
802
803
803
799
799
807
827
820
808
807
806
789
789
816
789
789
789
789
795
797
801
793
793
793
787
787
787
786
786
786
804
808
812
818
807
807
808
799
799
811
799
791
790
790
797
780
780
827
794
794
794
797
806
828
812
812
803
803
797
797
805
839
800
797
797
814
788
778
778
781
783
777
767
767
767
781
773
773
811
814
801
787
771
770
770
768
768
768
776
768
768
768
768
772
768
768
768
765
764
764
790
783
781
773
764
764
808
772
772
773
792
775
774
774
774
773
772
772
772
772
772
802
774
774
763
763
763
777
777
777
778
772
772
776
774
769
769
769
771
807
786
783
783
783
783
797
791
788
788
788
800
811
799
784
768
768
785
765
765
765
765
770
770
770
768
768
768
768
768
768
770
766
766
770
791
769
769
779
768
768
768
771
771
836
772
767
767
761
761
770
770
770
770
767
767
767
853
832
781
781
788
788
788
829
815
808
808
808
808
806
793
793
793
861
801
784
784
794
791
791
795
794
794
787
773
773
814
772
766
766
766
776
762
762
850
802
767
767
770
801
766
766
766
774
774
772
769
769
769
769
780
804
774
770
770
783
769
769
763
760
760
760
760
760
760
760
760
767
767
769
767
767
767
765
765
793
761
761
781
810
773
770
770
770
770
773
824
821
785
769
766
766
790
784
784
784
784
794
794
813
790
790
796
786
777
777
777
808
807
805
805
810
817
810
790
790
806
828
793
791
791
791
822
783
782
768
768
768
768
768
802
767
767
774
774
773
773
772
772
772
773
778
823
800
796
786
786
794
804
796
796
796
836
851
805
805
808
829
796
796
790
790
790
790
790
788
788
788
775
772
772
772
782
801
785
785
812
792
792
801
801
801
851
800
800
797
797
818
800
800
793
793
799
799
799
803
804
806
823
801
801
790
790
792
806
800
800
805
803
803
797
797
802
802
802
802
801
801
800
800
800
800
843
791
791
799
798
798
832
810
805
805
799
799
799
808
807
807
829
824
824
824
848
830
820
820
820
820
820
819
819
819
820
809
808
808
808
808
810
810
826
814
797
796
796
805
817
799
799
802
857
818
817
817
809
808
808
810
819
815
815
806
806
806
814
814
800
792
792
792
830
841
813
813
805
791
791
791
791
791
791
814
799
796
796
796
796
802
797
797
796
796
792
792
808
804
804
813
800
800
828
813
806
806
806
806
806
842
810
794
794
821
832
811
811
811
813
815
801
793
793
803
782
782
800
797
797
791
791
798
793
793
803
818
796
782
782
781
780
780
780
784
772
772
801
801
795
795
795
806
825
849
810
801
801
801
830
827
820
810
810
832
819
791
789
789
789
807
795
793
793
825
790
790
824
807
807
822
819
810
810
854
813
810
793
793
796
796
796
816
841
787
787
800
785
785
805
796
796
828
809
789
789
798
786
786
786
792
819
868
855
816
811
811
805
805
802
802
804
858
831
801
796
796
796
796
796
857
819
795
795
803
795
795
795
824
838
780
772
764
764
814
825
791
791
800
801
806
780
771
771
864
774
770
770
770
770
775
770
770
769
769
771
766
765
765
766
770
770
771
776
805
772
772
772
793
773
773
774
773
773
773
773
814
776
772
772
772
808
821
846
817
803
803
808
795
795
795
795
821
804
801
801
801
814
803
803
831
834
796
794
794
802
802
804
831
805
795
795
797
870
813
802
802
778
778
794
784
778
778
778
790
814
801
795
789
789
787
787
787
785
785
809
783
783
783
783
787
787
787
787
772
772
785
785
785
785
785
777
777
780
790
790
794
827
819
797
797
807
805
805
805
800
800
823
803
803
887
818
818
912
827
816
816
814
814
908
849
807
807
807
919
809
809
829
810
798
798
799
788
788
824
823
794
789
789
789
789
821
810
809
809
832
805
805
831
821
821
842
831
824
824
873
843
831
816
816
816
895
816
815
815
815
825
807
807
870
833
819
819
819
819
867
836
835
835
835
849
821
819
819
819
819
819
819
819
819
815
815
828
823
815
815
815
823
856
839
822
822
830
827
817
811
811
811
811
811
817
799
798
798
816
817
817
817
817
816
816
815
780
780
778
778
817
791
791
807
786
781
781
786
857
868
830
829
829
826
825
825
825
825
797
778
764
764
793
807
772
772
791
770
770
779
875
776
776
864
818
783
783
783
790
773
773
774
772
772
773
781
777
777
779
779
785
777
776
776
776
777
777
789
815
780
780
774
774
776
762
762
767
767
767
784
771
771
771
780
771
771
752
752
782
766
766
818
811
773
772
772
771
771
771
772
772
774
799
803
766
766
778
810
774
773
773
854
816
793
793
810
786
786
798
793
793
793
793
793
816
790
786
786
