992
1230
1114
1166
1218
1032
1018
1167
1052
1137
1096
1220
1104
1339
1013
1077
1141
1068
1137
1231
1133
1082
1154
1167
1304
1145
1082
1136
1066
1194
1049
1286
1253
1130
1166
1085
1130
1083
1313
1078
1042
1283
1150
1108
1094
1127
1297
1152
1004
1137
1162
1265
1115
1169
1013
1049
1077
1225
1232
966
1160
1231
1016
1087
947
1186
1171
1325
1121
1060
1103
1096
1208
1034
984
1159
1192
1173
1004
1313
992
1110
1163
1085
1073
1217
1257
1182
1210
1039
969
1234
1284
997
1099
1285
1139
1030
1012
1141
1081
1105
1106
1035
1105
1102
1355
1013
1263
1243
1001
1067
1202
1088
1305
1268
1111
1152
1059
1227
1095
974
1069
1323
1245
1393
1103
1199
1202
1163
1048
1063
1081
1109
1164
1173
1145
1019
982
1152
1016
1189
1287
1101
1068
992
1102
1092
1075
1152
1059
1118
1198
1304
1021
940
1135
1134
1051
1090
1342
1218
1145
981
1370
1192
1413
1092
1284
1018
1304
1408
1001
1152
1042
