100
53.131 54.887 
16.941 45.639 
67.915 26.725 
57.004 66.199 
52.065 45.822 
42.006 71.75 
55.144 23.038 
11.721 12.329 
8.482 7.822 
2.653 8.335 
61.038 23.793 
35.792 9.75 
15.708 14.358 
22.224 29.53 
32.845 76.219 
75.323 42.816 
23.698 25.457 
64.455 80.535 
33.863 55.239 
41.191 76.3 
61.629 68.164 
5.59 93.899 
70.531 54.532 
88.784 85.274 
69.045 76.809 
23.252 74.988 
12.232 23.514 
79.513 19.171 
51.263 43.618 
6.901 29.387 
80.196 1.071 
30.314 90.928 
73.59 40.341 
17.425 62.618 
27.47 64.132 
99.972 82.522 
54.788 99.021 
28.351 59.754 
88.082 22.462 
53.793 39.245 
40.999 60.273 
35.316 33.655 
48.274 87.796 
57.954 76.407 
47.489 88.316 
62.407 5.688 
3.044 31.65 
41.839 71.778 
67.248 5.492 
50.492 72.473 
20.654 64.972 
6.286 24.931 
13.838 61.244 
56.04 95.252 
55.949 67.241 
24.57 17.608 
24.474 63.649 
75.709 61.073 
82.288 30.723 
93.514 4.183 
60.201 12.252 
44.561 97.881 
59.123 83.278 
79.948 42.778 
5.802 82.805 
81.816 38.314 
25.636 32.711 
66.149 63.091 
78.309 76.048 
37.717 90.095 
24.515 26.222 
49.459 87.25 
27.08 52.994 
78.928 70.106 
89.733 6.891 
55.846 87.68 
23.402 22.103 
48.262 87.377 
15.091 4.777 
93.592 45.523 
28.109 50.148 
74.456 75.463 
83.504 19.613 
38.988 42.761 
85.708 68.937 
84.626 49.391 
61.31 41.886 
97.478 49.355 
10.135 89.6 
76.203 91.818 
8.158 98.352 
15.842 58.967 
49.323 88.107 
25.565 1.06 
33.273 1.964 
83.422 27.55 
49.91 89.472 
14.569 27.234 
4.779 2.891 
17.981 27.183 
