500 
62.844 78.824 
19.321 34.93 
4.005 5.05 
88.94 35.259 
71.236 63.702 
98.812 70.259 
78.202 26.536 
96.969 88.043 
35.885 81.994 
47.101 37.805 
15.338 22.966 
41.043 48.652 
18.003 48.258 
35.192 69.277 
88.358 87.251 
97.327 81.877 
81.568 9.103 
71.186 7.172 
60.136 13.423 
53.068 1.919 
55.721 3.969 
85.708 72.802 
76.062 60.579 
85.543 58.28 
98.685 22.596 
41.842 4.503 
98.255 31.95 
99.007 30.527 
14.175 12.909 
93.35 45.172 
89.079 70.803 
17.977 72.672 
92.722 19.052 
39.826 84.057 
27.007 53.041 
77.925 22.814 
7.784 13.03 
80.172 58.554 
30.109 45.695 
87.097 83.266 
55.726 35.74 
64.027 48.1 
2.708 35.417 
66.717 57.209 
70.852 81.798 
82.153 3.45 
72.182 45.056 
4.802 18.303 
39.296 59.444 
9.982 3.633 
45.978 70.146 
5.678 2.343 
7.748 42.89 
35.123 21.079 
3.489 72.406 
19.965 52.371 
59.808 82.035 
98.355 33.132 
21.474 8.413 
41.068 31.495 
50.184 5.859 
96.203 22.088 
62.245 75.625 
98.486 7.7 
20.976 16.414 
59.933 44.257 
64.381 75.325 
96.294 60.254 
29.547 96.994 
34.551 51.574 
36.172 7.424 
60.566 81.431 
77.893 53.069 
5.505 33.526 
52.825 35.298 
79.677 6.567 
23.227 47.978 
90.73 1.474 
67.349 50.92 
20.204 52.133 
55.697 71.183 
28.745 47.095 
34.74 35.928 
72.297 74.99 
24.721 2.324 
61.702 54.873 
81.78 82.399 
98.552 94.91 
27.525 51.986 
93.93 99.316 
42.634 36.212 
85.528 77.863 
55.13 38.822 
68.383 2.543 
67.465 99.626 
20.079 5.504 
72.675 75.964 
36.597 11.83 
72.633 92.571 
32.82 78.244 
45.396 65.173 
40.201 53.752 
8.33 14.703 
28.76 92.101 
0.549 41.171 
30.832 56.394 
78.904 56.853 
58.056 54.303 
28.622 75.306 
87.067 68.327 
92.011 47.154 
87.937 94.659 
36.004 63.17 
38.706 94.369 
15.24 79.685 
21.538 94.651 
28.272 3.847 
59.714 52.311 
36.629 94.534 
72.819 79.193 
97.797 90.921 
5.317 75.378 
86.076 68.489 
73.265 18.951 
47.348 13.41 
72.985 89.784 
73.63 8.18 
61.329 76.145 
61.68 19.913 
74.102 52.726 
2.39 18.634 
0.984 82.864 
80.685 93.014 
33.304 13.919 
19.644 69.426 
21.842 20.728 
25.674 88.781 
74.19 17.566 
17.176 56.25 
26.595 51.888 
91.357 68.536 
3.028 36.195 
73.404 80.312 
25.079 8.293 
11.414 71.164 
62.354 24.207 
7.622 39.946 
22.808 55.724 
54.431 36.934 
53.327 3.336 
90.147 6.522 
84.258 9.984 
7.043 76.007 
16.007 2.471 
97.531 9.869 
11.885 42.359 
6.004 72.087 
23.594 55.534 
2.792 10.495 
90.446 23.188 
31.638 75.914 
78.21 51.416 
53.135 60.933 
63.862 6.089 
35.144 80.262 
68.489 22.127 
86.211 11.905 
15.655 30.157 
96.25 7.729 
8.738 95.874 
27.587 4.648 
19.951 74.57 
35.354 89.775 
17.121 36.186 
27.361 41.223 
88.959 11.498 
89.324 59.974 
48.34 52.39 
43.204 96.812 
35.365 37.308 
19.471 54.185 
89.663 79.433 
89.131 95.167 
48.353 57.237 
0.97 2.281 
63.538 30.204 
16.705 86.003 
52.12 12.717 
91.821 3.423 
84.923 8.88 
64.391 81.697 
3.118 90.739 
43.999 47.164 
98.5 23.606 
38.811 11.763 
32.394 6.6 
29.727 2.815 
42.027 57.335 
97.916 36.582 
25.109 13.383 
70.674 89.101 
86.326 69.841 
92.158 94.466 
26.985 88.979 
78.624 94.317 
35.814 11.847 
73.672 73.145 
71.336 23.373 
66.815 69.424 
37.966 87.786 
94.406 43.15 
93.882 20.223 
73.761 41.18 
57.094 8.62 
87.919 12.693 
10.468 91.275 
71.769 92.233 
23.562 90.869 
17.297 49.066 
26.587 46.017 
65.387 69.288 
63.649 41.939 
68.826 49.66 
67.476 49.141 
74.889 62.437 
14.277 29.811 
18.527 87.336 
72.752 32.495 
95.523 2.578 
61.767 4.093 
71.159 94.118 
1.597 73.485 
59.916 81.826 
32.469 38.323 
0.705 85.123 
38.164 47.891 
94.774 99.36 
55.934 5.627 
67.132 79.345 
75.405 5.734 
87.934 75.464 
88.118 65.953 
37.473 94.697 
39.45 29.258 
83.273 39.998 
38.185 19.847 
38.52 32.539 
75.607 92.619 
82.593 48.833 
77.536 70.694 
68.751 78.195 
36.882 44.06 
78.077 46.68 
12.545 49.92 
52.54 40.642 
35.864 19.844 
15.532 71.332 
73.043 92.57 
27.483 65.143 
43.73 74.979 
60.706 78.665 
80.702 21.015 
91.898 84.319 
44.059 97.701 
35.316 56.436 
52.559 81.135 
73.694 96.562 
48.791 23.759 
95.521 47.81 
37.08 10.973 
59.704 14.967 
75.949 37.447 
0.492 8.251 
27.094 15.69 
77.232 53.49 
54.906 57.031 
73.048 33.285 
85.573 13.839 
52.293 90.636 
95.402 81.12 
56.8 95.383 
2.316 29.756 
59.247 79.799 
48.802 13.986 
47.23 7.89 
78.544 5.57 
98.737 91.525 
93.66 37.718 
63.186 9.384 
89.624 13.147 
16.445 79.691 
28.101 46.084 
26.913 34.069 
63.109 37.638 
80.687 58.051 
74.595 77.763 
46.725 11.852 
33.824 65.043 
22.125 82.619 
59.267 12.066 
72.715 80.733 
21.78 59.346 
13.873 79.386 
49.524 14.705 
89.465 52.326 
7.379 29.183 
41.206 50.365 
85.105 82.65 
70.807 46.487 
11.304 35.046 
14.271 8.981 
78.418 67.603 
33.912 20.355 
82.815 51.911 
86.24 23.101 
1.879 97.783 
41.831 93.547 
17.301 10.798 
32.94 90.29 
60.847 29.685 
48.301 39.796 
44.315 61.069 
99.414 58.808 
10.23 17.146 
22.567 22.123 
74.768 72.773 
36.204 66.035 
40.605 11.526 
91.865 57.146 
46.466 25.042 
66.321 88.499 
47.368 45.159 
62.697 83.736 
53.113 70.95 
25.013 70.634 
3.358 96.261 
46.438 60.263 
78.768 66.652 
48.174 69.039 
45.809 61.609 
63.899 77.629 
52.409 13.112 
30.701 11.436 
9.268 5.671 
79.526 36.124 
99.264 61.543 
45.006 48.899 
89.567 90.543 
97.155 98.397 
10.139 14.889 
25.922 8.944 
11.59 38.548 
68.74 98.936 
74.939 63.313 
17.414 14.949 
31.7 71.499 
37.297 45.538 
54.466 67.202 
77.182 80.983 
79.994 96.406 
47.004 46.606 
89.036 60.412 
23.562 20.007 
95.5 86.372 
71.113 77.146 
17.781 26.921 
27.588 87.951 
90.609 91.634 
9.935 58.126 
8.32 76.852 
75.665 37.271 
5.268 13.28 
71.448 49.63 
24.389 47.339 
53.174 35.078 
90.452 19.636 
14.717 57.493 
58.636 23.429 
60.518 78.616 
1.481 94.612 
20.332 1.686 
16.547 89.364 
57.409 28.585 
15.894 25.748 
23.004 55.513 
33.95 52.405 
2.966 51.249 
47.185 74.301 
96.537 94.349 
45.924 30.789 
16.753 96.275 
36.511 27.322 
79.665 12.869 
19.539 11.515 
0.508 60.47 
7.444 39.492 
42.6 56.493 
74.166 60.207 
16.265 85.797 
64.26 39.547 
31.738 49.458 
79.313 22.575 
65.566 40.129 
84.331 98.854 
85.198 75.163 
37.881 57.45 
44.736 89.284 
81.077 73.025 
35.131 63.236 
8.864 74.606 
53.198 26.009 
12.611 51.765 
89.79 85.251 
4.837 0.482 
25.003 12.564 
76.704 23.277 
64.14 29.468 
26.385 93.457 
80.342 61.228 
67.915 3.836 
52.688 6.137 
7.923 80.73 
92.546 70.151 
48.982 13.107 
5.299 67.263 
10.307 67.412 
59.443 92.697 
85.811 99.861 
75.572 41.06 
34.0 8.409 
42.253 69.684 
26.448 39.956 
64.194 94.574 
68.645 72.916 
41.556 78.99 
0.044 6.972 
26.302 27.094 
90.542 5.158 
55.927 23.008 
29.949 10.401 
46.632 27.798 
57.358 80.78 
59.717 92.245 
12.735 83.135 
58.045 74.175 
89.909 47.526 
56.043 81.033 
0.185 28.209 
18.45 85.95 
52.045 31.87 
79.5 83.135 
71.269 11.525 
94.153 94.798 
7.424 92.024 
47.818 18.201 
48.75 45.478 
91.104 81.635 
58.113 5.608 
15.231 89.146 
95.844 96.929 
44.413 57.774 
5.016 9.785 
53.724 30.499 
16.425 83.933 
24.358 62.706 
56.607 42.286 
60.308 47.947 
56.093 28.741 
30.432 46.383 
27.704 60.482 
11.435 1.766 
40.913 75.473 
79.572 22.129 
65.709 10.295 
60.04 41.184 
66.127 26.965 
66.465 55.561 
71.989 71.545 
5.874 37.997 
54.247 96.848 
44.924 71.609 
80.536 46.471 
26.244 28.727 
19.26 72.729 
25.15 3.914 
96.477 85.913 
2.855 46.966 
33.232 42.216 
87.919 68.842 
49.459 8.488 
19.331 48.64 
38.246 74.989 
90.171 99.922 
69.72 80.15 
21.84 37.687 
84.609 85.41 
8.393 94.618 
88.831 51.339 
1.876 93.196 
82.942 40.208 
