5000
12.909 23.973 
23.378 20.402 
7.657 55.741 
66.118 22.209 
8.303 66.327 
2.069 39.557 
94.836 18.908 
45.337 2.506 
24.087 96.044 
65.006 71.981 
26.759 39.982 
87.4 25.735 
92.205 11.701 
68.341 67.611 
37.393 79.606 
73.871 11.636 
43.052 62.529 
87.254 23.087 
74.498 8.699 
54.889 56.238 
62.494 90.275 
88.337 31.143 
78.08 29.941 
31.681 40.013 
61.031 86.963 
71.751 46.958 
84.66 15.809 
87.334 34.296 
71.53 39.053 
63.746 18.935 
15.98 25.517 
35.388 74.323 
2.41 76.83 
78.024 48.699 
1.274 91.802 
6.621 14.428 
11.762 60.075 
8.827 10.303 
45.266 7.315 
19.199 75.722 
43.366 98.263 
98.566 24.257 
46.632 27.426 
24.878 83.697 
26.429 96.896 
55.415 16.858 
45.631 78.069 
5.692 81.902 
53.956 23.888 
74.886 10.131 
14.397 52.15 
62.712 76.657 
68.506 98.868 
69.035 67.874 
61.429 4.978 
67.335 81.713 
82.523 56.208 
41.39 39.797 
67.643 50.706 
83.241 95.798 
2.146 57.896 
74.838 48.122 
59.626 76.938 
4.091 87.689 
74.719 78.904 
33.795 99.884 
93.351 97.733 
74.277 98.535 
3.277 38.127 
44.606 11.341 
34.52 17.338 
60.537 87.819 
39.298 5.715 
20.545 74.738 
41.707 42.842 
85.078 77.2 
96.716 9.341 
50.532 90.482 
94.019 26.181 
84.014 7.206 
98.872 92.954 
49.229 55.316 
21.25 4.839 
46.0 2.941 
56.564 26.471 
83.207 98.89 
2.156 60.885 
77.206 84.56 
97.112 81.512 
80.919 61.728 
72.096 54.326 
4.956 39.337 
10.949 73.062 
64.144 79.969 
63.037 79.284 
76.673 69.879 
72.87 16.261 
90.411 60.481 
76.82 20.779 
79.578 43.683 
44.155 10.85 
31.437 0.59 
86.027 16.907 
49.981 47.711 
65.428 20.447 
37.586 82.578 
36.154 2.982 
58.387 36.583 
62.279 16.14 
58.059 91.45 
46.868 31.864 
98.402 5.432 
68.113 60.278 
36.627 15.528 
38.756 42.561 
49.143 91.894 
84.275 32.155 
40.43 91.218 
63.686 25.151 
50.852 39.145 
16.306 19.971 
58.998 43.247 
81.91 57.836 
78.707 81.51 
59.486 17.537 
43.853 49.775 
33.296 11.246 
40.556 83.482 
55.8 83.806 
58.517 17.332 
75.54 81.94 
26.571 78.006 
94.297 68.745 
58.133 83.589 
5.799 59.419 
83.444 58.133 
84.824 26.434 
55.935 20.65 
62.974 19.944 
10.168 76.393 
10.807 37.705 
17.914 85.235 
46.77 17.527 
0.835 82.467 
23.583 75.896 
33.294 35.395 
31.612 57.888 
78.2 75.21 
78.664 17.886 
51.273 79.24 
32.802 58.67 
10.577 34.056 
51.03 69.747 
57.734 21.58 
63.699 40.149 
42.015 58.805 
52.19 30.415 
98.203 21.365 
66.944 77.356 
79.856 65.41 
2.408 75.348 
77.758 6.901 
92.179 8.883 
94.321 22.011 
64.705 76.338 
82.372 96.564 
96.711 2.848 
89.846 19.348 
69.346 67.867 
58.601 5.851 
5.232 85.288 
17.206 97.152 
94.566 90.791 
53.887 39.498 
28.878 70.805 
50.601 66.106 
60.184 35.537 
70.996 45.429 
94.546 42.832 
67.128 83.752 
8.844 72.185 
46.062 43.855 
96.555 32.756 
87.43 28.848 
6.782 58.131 
89.814 2.637 
11.361 49.198 
73.16 68.821 
83.301 60.843 
77.814 48.55 
11.067 42.431 
78.152 69.188 
8.387 38.399 
83.633 33.549 
47.077 29.671 
53.468 86.661 
34.158 24.451 
41.822 95.681 
29.715 56.444 
80.56 42.11 
30.103 69.363 
22.577 56.008 
57.238 89.866 
82.234 6.09 
81.222 29.51 
45.069 36.68 
33.892 5.217 
50.755 27.71 
3.62 58.588 
52.923 7.369 
13.349 14.281 
17.833 30.191 
20.652 64.313 
86.123 24.38 
26.844 46.687 
75.622 70.705 
31.183 58.613 
59.254 54.151 
33.515 74.202 
29.231 5.881 
43.561 79.026 
36.655 54.785 
56.275 14.827 
10.932 74.638 
73.597 0.984 
54.622 44.104 
51.359 93.191 
25.68 55.348 
66.562 53.283 
2.084 40.194 
56.338 8.703 
95.231 49.458 
34.231 10.206 
32.169 67.397 
87.312 11.754 
91.64 32.319 
42.975 88.649 
28.108 70.492 
7.859 3.199 
3.447 24.305 
41.185 52.233 
62.356 20.231 
7.21 33.868 
76.243 67.2 
40.151 11.233 
4.928 3.623 
25.307 28.591 
42.433 23.416 
93.331 46.458 
13.971 25.832 
82.641 7.033 
11.074 97.608 
9.518 54.363 
8.933 7.121 
84.75 4.85 
34.651 50.395 
88.738 62.4 
40.378 95.77 
52.382 68.337 
91.002 82.837 
51.148 88.927 
29.106 59.352 
14.982 53.249 
87.14 72.05 
20.088 48.232 
23.235 78.678 
68.386 49.009 
38.088 23.808 
2.629 0.197 
30.727 90.86 
20.584 97.121 
42.601 59.482 
12.137 28.977 
24.442 92.6 
38.827 93.034 
24.104 94.949 
31.717 35.614 
54.17 92.143 
56.854 22.199 
94.902 80.382 
51.504 48.693 
25.056 69.994 
9.338 49.811 
89.469 62.497 
61.662 38.212 
41.212 95.816 
36.755 61.804 
96.679 74.541 
63.928 58.783 
62.242 9.315 
81.15 71.387 
31.395 23.47 
72.72 57.859 
74.877 52.612 
76.964 75.394 
6.247 2.684 
59.536 40.723 
52.346 41.226 
90.588 50.75 
82.304 16.329 
70.233 18.362 
59.389 97.85 
20.639 63.683 
67.733 87.035 
88.136 80.032 
37.625 98.181 
92.359 30.373 
74.734 28.549 
6.863 90.006 
31.082 21.642 
77.673 37.048 
5.445 48.36 
44.197 4.398 
74.706 13.29 
16.037 22.061 
25.658 13.198 
3.123 1.143 
55.491 53.161 
99.255 85.892 
45.34 60.083 
21.614 47.077 
36.94 61.48 
22.201 85.755 
59.364 76.261 
91.921 54.97 
90.543 29.27 
94.352 36.397 
29.697 8.223 
29.114 31.536 
77.717 43.992 
40.803 67.092 
80.688 42.223 
11.884 41.116 
4.595 15.163 
99.415 69.751 
57.125 34.028 
75.904 96.57 
23.197 90.632 
30.287 60.536 
67.527 46.699 
85.179 79.143 
63.171 11.127 
94.279 44.775 
73.444 70.982 
1.098 35.283 
23.168 53.299 
47.062 91.411 
10.78 49.472 
1.232 3.159 
14.054 25.947 
35.649 15.868 
8.335 46.506 
54.121 9.633 
71.465 28.95 
51.542 36.949 
27.605 24.764 
31.042 64.18 
44.583 61.437 
89.205 54.736 
90.128 7.728 
81.485 23.534 
48.22 43.011 
37.236 6.589 
27.46 26.931 
15.081 9.267 
17.219 93.163 
59.643 0.153 
12.973 56.139 
21.281 83.718 
57.707 41.462 
14.52 18.078 
46.807 10.358 
17.713 76.07 
58.582 68.233 
64.457 5.181 
56.457 98.778 
92.721 87.989 
38.074 67.984 
80.535 73.215 
79.239 82.631 
73.99 82.841 
66.793 62.837 
47.61 63.278 
50.132 2.404 
88.608 12.716 
32.144 43.666 
97.439 82.575 
79.985 99.074 
31.164 43.771 
15.002 49.834 
52.777 90.18 
11.831 58.343 
80.537 52.205 
84.972 84.106 
86.79 19.855 
12.804 79.781 
48.752 2.023 
82.507 92.118 
2.812 69.128 
81.404 60.131 
6.093 9.785 
26.435 69.998 
72.876 26.026 
27.693 22.068 
5.621 85.102 
18.543 36.654 
16.707 73.949 
35.694 60.417 
94.031 95.401 
68.788 35.455 
32.686 90.897 
63.981 40.227 
93.748 72.68 
58.382 12.2 
99.547 41.346 
12.178 85.817 
49.584 21.846 
87.542 2.993 
57.547 24.67 
30.906 58.707 
78.32 83.746 
43.775 36.08 
16.533 26.784 
78.659 8.763 
57.052 16.68 
10.083 57.155 
17.671 42.728 
60.519 34.26 
60.293 49.869 
24.429 25.738 
76.82 86.188 
45.793 88.068 
50.11 35.717 
4.285 70.263 
55.974 48.275 
43.665 94.043 
23.072 40.138 
7.293 42.127 
35.495 62.918 
74.858 65.389 
11.684 13.573 
90.221 41.564 
97.379 81.672 
56.969 56.868 
58.742 74.869 
19.347 17.453 
85.067 94.233 
28.632 67.649 
9.563 97.141 
27.355 41.249 
14.652 13.364 
85.258 39.884 
15.12 41.817 
62.861 23.413 
99.716 0.238 
45.614 3.556 
35.174 6.114 
56.203 28.168 
85.669 3.974 
6.082 71.312 
19.453 24.684 
15.678 63.095 
45.916 96.479 
4.345 74.872 
99.904 11.192 
74.079 5.412 
50.983 38.391 
34.14 66.221 
58.841 55.736 
23.972 43.136 
61.16 84.348 
74.739 27.676 
48.925 84.985 
65.669 21.307 
20.72 99.22 
31.163 11.964 
77.763 34.33 
30.463 28.099 
67.489 39.746 
93.121 35.426 
77.524 69.965 
99.559 62.777 
34.937 6.99 
95.434 4.447 
84.614 75.622 
37.239 91.733 
27.255 41.899 
7.005 39.038 
5.884 84.426 
1.395 82.157 
40.832 81.129 
36.583 72.72 
17.265 34.873 
80.88 23.823 
36.187 23.662 
70.361 39.15 
83.427 57.731 
50.983 66.749 
46.18 55.329 
73.323 65.294 
81.5 51.206 
25.984 64.234 
20.452 31.663 
56.118 16.088 
44.246 49.86 
8.637 64.612 
55.266 35.705 
59.897 66.211 
74.209 22.923 
52.467 2.537 
75.396 79.2 
57.988 78.965 
24.247 80.292 
84.815 79.379 
81.953 69.291 
69.764 84.356 
19.067 6.383 
1.634 58.04 
26.175 61.653 
64.022 41.713 
49.627 79.073 
0.04 43.999 
14.455 91.682 
18.719 69.132 
42.975 10.391 
46.294 6.101 
72.85 48.066 
42.501 28.166 
72.934 44.707 
4.967 87.072 
54.417 55.569 
9.091 82.585 
8.877 46.147 
68.344 4.149 
93.788 91.324 
56.162 71.862 
31.068 80.124 
98.786 83.369 
0.123 20.315 
12.775 33.28 
33.103 87.779 
30.462 22.195 
90.214 50.154 
1.157 87.294 
63.216 7.009 
31.304 10.388 
71.615 76.217 
9.482 93.104 
95.059 24.581 
68.939 71.701 
67.859 17.084 
86.099 62.986 
41.516 80.039 
75.194 12.777 
26.511 31.076 
14.265 24.148 
26.443 21.629 
54.848 79.239 
1.942 90.888 
53.749 18.448 
12.719 74.349 
79.658 30.591 
25.48 85.546 
56.429 9.448 
86.768 22.727 
50.089 57.079 
71.316 87.866 
80.645 98.708 
14.924 75.174 
0.57 89.435 
10.967 88.006 
26.821 3.366 
50.364 91.548 
3.937 5.42 
21.691 32.123 
40.938 34.864 
27.465 89.876 
36.378 71.057 
57.93 61.908 
5.093 81.836 
56.182 79.615 
81.047 70.992 
9.403 5.274 
13.015 63.534 
32.425 93.604 
82.779 37.276 
12.487 25.075 
74.286 38.235 
74.039 71.874 
66.499 89.443 
91.817 59.318 
65.391 31.868 
96.148 27.488 
13.995 53.385 
69.942 65.074 
29.414 53.186 
69.321 44.421 
88.353 85.576 
73.391 58.397 
17.979 92.343 
12.867 12.91 
78.498 1.153 
29.877 33.054 
3.25 75.448 
71.544 15.897 
79.748 98.282 
22.968 3.665 
2.539 38.519 
55.034 97.95 
47.303 26.724 
97.488 69.484 
0.012 2.692 
82.152 21.507 
29.22 94.996 
2.644 38.277 
7.462 34.803 
11.664 59.096 
46.145 71.479 
45.682 72.995 
61.179 28.099 
38.727 0.245 
33.849 62.491 
76.886 50.827 
96.444 83.387 
4.55 19.543 
24.018 57.909 
90.71 17.104 
46.936 88.979 
8.314 61.594 
7.697 62.369 
38.623 97.028 
78.614 83.736 
53.574 83.597 
5.47 11.648 
88.362 68.12 
35.3 96.665 
18.505 17.272 
26.561 49.207 
68.004 39.99 
9.038 29.635 
57.369 94.366 
16.456 27.528 
8.902 8.071 
95.519 59.119 
48.129 98.755 
33.534 83.015 
21.184 90.753 
22.296 3.583 
42.627 84.331 
93.103 17.541 
42.416 37.303 
68.569 58.39 
60.831 11.995 
89.579 96.843 
0.594 37.681 
18.784 89.441 
88.302 7.93 
22.31 72.746 
16.402 77.591 
40.743 38.355 
80.876 40.292 
19.356 87.159 
25.509 70.296 
98.689 22.201 
88.726 35.476 
72.086 58.235 
34.834 72.234 
84.142 29.107 
60.192 64.541 
13.397 40.448 
46.269 46.404 
47.151 25.082 
31.228 37.321 
3.179 31.081 
45.37 66.42 
51.479 76.615 
47.652 49.26 
68.019 87.12 
85.995 61.807 
84.586 75.254 
47.73 45.284 
62.166 6.238 
91.968 84.708 
28.058 57.251 
75.795 61.613 
97.521 45.983 
2.943 87.479 
22.242 7.555 
25.538 66.152 
75.697 62.947 
91.587 4.414 
62.572 81.777 
26.427 50.008 
62.889 51.845 
14.445 98.42 
5.442 79.808 
11.602 25.611 
29.691 82.902 
65.828 70.087 
35.836 36.698 
21.452 76.244 
88.075 18.604 
65.763 51.369 
66.963 31.591 
73.928 52.406 
62.836 85.879 
68.387 28.753 
66.954 98.061 
80.276 20.596 
33.662 30.469 
67.753 43.903 
19.971 75.388 
84.982 94.137 
11.698 59.519 
8.51 5.119 
85.593 72.802 
54.022 99.291 
53.71 32.057 
65.678 19.961 
5.366 87.154 
17.813 5.968 
71.527 60.028 
65.102 15.222 
50.478 5.973 
57.791 99.16 
18.006 84.975 
42.013 19.383 
71.665 64.248 
72.681 90.002 
86.421 60.289 
1.022 74.246 
18.607 46.132 
90.754 32.81 
82.035 30.675 
18.046 70.963 
88.834 90.036 
55.404 62.617 
95.403 84.094 
40.733 40.915 
42.797 2.107 
69.342 18.205 
25.494 78.549 
72.608 88.593 
84.136 93.715 
72.178 38.374 
29.297 27.04 
17.53 22.557 
82.705 63.156 
0.167 17.615 
31.546 27.16 
46.872 93.013 
2.76 73.088 
8.442 59.785 
14.246 87.207 
91.71 0.429 
69.335 16.348 
4.809 82.614 
87.659 10.105 
80.194 9.973 
50.575 40.563 
34.529 18.095 
16.294 43.041 
81.328 38.442 
4.824 38.522 
17.699 65.347 
3.151 42.978 
37.244 53.506 
14.672 68.0 
13.697 99.476 
3.281 87.998 
36.949 33.991 
33.132 62.624 
54.688 94.555 
46.548 98.867 
9.381 97.886 
18.497 1.202 
29.103 76.821 
53.546 52.498 
67.979 92.934 
36.994 55.674 
0.032 48.101 
75.9 1.82 
10.803 85.716 
67.214 66.55 
99.997 77.292 
17.704 67.059 
1.879 68.939 
42.751 17.998 
39.387 83.563 
50.022 23.486 
90.641 27.803 
50.092 24.179 
7.469 89.216 
25.466 65.157 
8.323 75.929 
31.082 8.03 
27.948 33.096 
51.028 12.156 
13.501 60.029 
57.912 91.054 
48.905 33.813 
63.747 37.535 
83.713 93.589 
65.282 13.324 
14.012 7.586 
1.954 12.948 
8.236 65.748 
84.085 23.263 
27.903 9.626 
19.778 90.779 
90.372 98.289 
87.652 37.069 
91.294 44.878 
42.257 96.476 
92.997 64.333 
84.751 16.228 
84.262 47.854 
20.768 48.4 
20.285 34.688 
13.171 44.082 
86.282 54.022 
29.649 62.69 
75.623 7.091 
89.104 17.107 
42.863 7.824 
90.832 58.326 
49.74 36.281 
74.879 53.922 
66.839 82.153 
10.593 12.123 
62.071 89.15 
70.61 93.001 
46.624 56.229 
79.614 54.449 
2.594 16.832 
31.36 97.956 
71.237 54.045 
37.028 24.195 
98.751 3.536 
91.714 2.886 
6.272 29.809 
68.467 3.61 
1.76 23.122 
22.099 47.614 
95.438 31.791 
5.147 15.725 
99.599 37.647 
81.14 89.177 
67.916 44.077 
33.05 58.204 
65.132 97.166 
7.185 46.482 
12.976 88.124 
13.019 5.239 
93.485 75.784 
74.497 46.549 
29.343 36.864 
86.966 56.191 
57.759 46.114 
10.586 7.964 
34.221 14.465 
44.178 71.856 
91.136 35.542 
95.639 52.11 
96.828 64.297 
64.139 37.46 
24.088 26.477 
2.338 55.194 
40.586 31.217 
97.352 14.94 
32.677 66.014 
20.213 48.822 
12.448 5.627 
43.661 57.177 
58.904 97.197 
9.078 80.533 
31.169 71.159 
53.761 60.824 
11.876 36.514 
56.402 39.003 
16.642 19.685 
18.608 88.804 
92.675 52.333 
77.654 15.434 
24.757 36.536 
80.382 62.568 
97.701 49.72 
5.308 8.538 
22.09 87.051 
2.931 27.28 
73.231 26.223 
99.655 97.532 
95.989 69.826 
51.275 60.648 
24.434 33.138 
2.089 5.388 
57.286 80.692 
34.752 77.355 
6.292 18.279 
32.964 71.807 
17.074 55.774 
9.786 93.741 
34.09 53.192 
53.627 97.698 
64.574 36.084 
88.034 40.497 
96.137 77.233 
37.011 8.38 
61.529 62.828 
47.93 55.627 
90.989 22.192 
41.086 18.389 
22.41 27.163 
48.96 27.986 
81.897 59.128 
26.541 19.968 
30.079 44.126 
84.242 9.327 
44.25 44.695 
69.422 21.777 
98.93 92.686 
84.43 33.971 
49.362 79.225 
79.853 62.265 
46.17 22.842 
45.089 81.149 
61.827 77.322 
45.166 53.213 
27.382 11.971 
30.35 90.914 
63.743 4.131 
93.784 30.0 
0.472 44.703 
19.949 40.409 
29.951 67.375 
16.962 46.807 
61.046 51.083 
61.83 58.332 
72.999 71.487 
40.159 22.018 
17.254 9.648 
38.032 11.004 
0.578 31.137 
68.281 90.332 
98.788 35.089 
90.845 16.394 
20.499 87.363 
81.032 44.269 
24.877 91.627 
55.739 96.554 
36.399 17.775 
9.96 13.768 
66.827 57.049 
60.283 80.419 
50.026 88.986 
26.677 87.075 
14.74 15.491 
87.419 55.468 
86.633 7.378 
7.126 11.881 
45.227 13.556 
1.313 48.048 
26.853 16.204 
0.693 23.942 
67.179 12.013 
45.727 81.911 
10.528 63.687 
35.004 55.975 
3.702 50.963 
19.626 3.067 
12.989 28.742 
49.562 64.496 
51.168 89.397 
59.196 52.099 
23.398 86.567 
55.706 14.212 
64.223 21.849 
81.609 99.798 
58.552 76.055 
34.583 29.934 
22.336 41.059 
65.546 53.535 
71.351 67.287 
6.012 93.353 
59.048 74.563 
68.254 71.419 
83.227 36.242 
60.507 38.907 
16.37 57.824 
3.469 69.822 
77.943 17.594 
77.463 99.4 
38.318 49.354 
61.336 77.576 
10.287 52.919 
32.849 44.651 
71.041 74.385 
56.118 70.442 
45.191 83.368 
38.052 25.852 
27.494 73.38 
50.114 3.905 
77.057 16.811 
42.456 58.46 
70.873 66.771 
87.822 73.514 
2.585 16.149 
44.62 10.179 
4.446 5.187 
47.826 59.571 
57.79 59.285 
23.77 15.817 
11.004 55.58 
34.652 56.114 
26.362 31.051 
38.776 73.499 
23.443 17.709 
36.061 11.393 
79.292 41.056 
91.952 42.06 
20.655 76.282 
90.883 32.875 
54.772 30.039 
11.987 74.038 
38.241 18.827 
31.955 60.056 
88.344 15.286 
20.391 77.361 
58.216 77.038 
4.845 80.159 
63.385 84.289 
12.567 83.142 
63.82 14.717 
69.32 55.007 
68.482 14.529 
56.293 51.227 
18.977 2.514 
38.663 26.137 
23.732 87.689 
39.968 22.536 
85.595 43.827 
78.316 17.355 
52.162 65.744 
91.812 72.192 
0.254 95.974 
28.392 66.685 
7.669 21.84 
96.355 32.127 
40.889 87.859 
80.586 50.121 
68.883 16.489 
58.973 78.312 
16.359 23.239 
43.347 48.875 
67.989 34.734 
21.903 6.462 
74.63 16.132 
6.388 39.029 
73.119 35.486 
95.111 28.767 
21.457 83.751 
80.002 90.146 
38.707 20.921 
28.274 97.774 
20.387 54.894 
3.323 61.976 
98.083 61.536 
45.35 11.282 
50.301 85.513 
33.003 39.481 
3.948 16.417 
2.176 23.693 
73.149 80.8 
22.354 80.208 
20.815 0.522 
72.504 62.343 
95.214 92.088 
26.515 42.231 
46.57 40.128 
54.379 79.498 
23.45 98.957 
47.055 56.235 
52.0 15.782 
57.822 9.246 
37.456 2.937 
39.16 67.543 
47.457 23.406 
45.308 12.938 
92.118 83.254 
16.013 35.807 
37.312 32.536 
4.043 60.043 
56.86 92.455 
14.479 86.198 
73.763 49.823 
25.254 65.988 
1.69 54.572 
29.259 17.527 
24.936 6.213 
75.109 16.722 
25.815 65.554 
20.461 84.765 
59.008 83.59 
13.105 69.012 
26.628 52.543 
8.929 65.98 
77.311 72.095 
53.63 56.044 
59.59 18.671 
32.87 65.952 
72.315 51.785 
87.913 76.033 
97.145 82.94 
12.884 94.105 
51.896 77.62 
27.864 22.576 
9.217 55.526 
35.507 20.952 
49.209 50.627 
62.644 3.771 
1.575 94.357 
90.548 22.154 
82.193 94.946 
68.319 54.675 
21.23 26.367 
22.68 21.969 
13.29 57.873 
50.601 51.855 
70.825 22.715 
69.68 96.842 
87.253 21.82 
73.369 99.45 
3.757 21.658 
44.751 55.055 
1.715 18.773 
6.206 56.333 
48.927 15.998 
25.388 61.151 
3.063 58.732 
39.33 26.553 
39.993 73.699 
50.546 50.262 
79.229 93.203 
84.878 29.07 
24.75 67.863 
63.767 5.318 
69.413 35.617 
28.958 11.881 
18.068 56.835 
68.873 79.824 
63.641 92.916 
28.842 85.761 
67.393 54.82 
83.355 30.106 
44.447 73.852 
22.312 42.539 
49.087 49.771 
36.894 98.313 
72.747 44.864 
37.967 17.503 
36.727 25.41 
76.504 55.104 
8.152 3.779 
2.226 29.859 
38.524 16.936 
14.859 60.39 
91.733 47.861 
22.317 96.665 
5.151 55.601 
49.94 13.229 
33.415 66.168 
56.743 55.393 
0.715 81.267 
79.18 3.914 
46.598 14.76 
98.582 19.453 
23.117 57.102 
6.112 82.635 
55.668 84.431 
30.911 44.614 
38.064 22.35 
18.433 90.147 
5.996 64.766 
46.002 89.57 
58.779 84.897 
88.33 39.781 
64.095 77.794 
46.45 34.339 
36.572 94.889 
66.445 27.223 
98.71 93.299 
28.273 12.912 
88.644 10.375 
55.951 72.835 
98.972 95.379 
45.21 61.21 
81.074 24.5 
46.038 72.389 
95.654 26.382 
24.033 8.638 
65.576 69.379 
6.065 55.719 
91.588 12.426 
45.96 80.84 
61.732 21.831 
58.557 49.856 
60.469 4.17 
28.424 10.676 
78.569 23.666 
66.565 70.889 
5.54 23.395 
97.658 26.848 
41.471 40.49 
28.546 45.337 
65.363 80.596 
18.872 40.134 
84.112 28.434 
21.167 14.054 
75.69 59.886 
16.567 41.777 
78.256 41.586 
63.979 21.542 
10.281 83.289 
70.458 80.457 
40.625 65.648 
57.49 23.961 
92.645 25.135 
52.135 58.964 
33.841 40.08 
72.321 8.419 
66.291 37.25 
69.605 9.447 
50.018 6.391 
72.323 62.976 
68.005 64.417 
71.291 30.72 
72.51 50.396 
44.927 99.731 
0.679 2.497 
2.309 47.396 
43.192 63.841 
41.786 10.141 
27.233 27.711 
46.637 24.11 
16.003 83.578 
46.035 98.227 
36.958 83.488 
39.725 19.306 
27.114 27.82 
83.927 64.7 
32.219 76.474 
80.756 76.71 
60.172 60.423 
86.146 42.664 
71.369 73.003 
0.958 33.583 
96.346 3.411 
74.657 55.861 
54.28 70.166 
34.735 40.957 
39.369 14.054 
57.197 59.209 
13.059 8.244 
94.864 52.439 
65.86 87.054 
69.898 65.428 
53.921 71.115 
74.947 13.711 
36.517 85.156 
83.571 94.312 
52.725 50.212 
70.105 3.124 
32.233 79.892 
32.787 18.512 
30.141 57.455 
59.27 63.546 
99.424 62.757 
59.295 9.576 
24.328 95.625 
59.252 73.922 
62.023 67.035 
59.584 37.847 
83.015 99.859 
86.651 69.259 
14.455 64.508 
94.668 73.17 
90.388 15.386 
81.941 9.397 
76.608 25.541 
62.526 61.138 
41.986 86.541 
80.84 5.56 
38.155 1.532 
10.807 90.528 
36.687 83.647 
86.398 84.407 
20.019 46.276 
29.755 87.269 
31.614 41.186 
15.492 34.197 
16.443 14.571 
76.931 21.262 
91.956 58.748 
31.248 89.879 
39.011 57.79 
56.042 36.792 
67.731 41.45 
14.935 65.972 
95.634 17.356 
0.965 15.959 
53.158 41.011 
10.868 94.431 
18.826 47.415 
53.825 35.517 
23.815 7.235 
72.973 58.327 
61.368 79.557 
89.058 61.203 
78.292 27.479 
38.462 98.158 
41.798 75.841 
90.532 52.148 
0.688 38.732 
80.841 88.901 
26.784 61.092 
89.482 45.881 
93.001 59.627 
25.442 6.403 
56.914 28.761 
74.437 50.723 
56.757 9.954 
8.811 90.986 
28.929 53.689 
72.066 11.907 
98.028 14.552 
3.616 29.551 
54.279 69.8 
10.82 76.034 
90.102 70.589 
21.26 90.83 
56.116 69.72 
24.634 72.813 
76.561 81.31 
20.216 76.399 
79.789 97.503 
49.324 54.165 
5.208 84.738 
21.888 99.432 
15.489 3.82 
47.676 81.752 
72.765 3.388 
91.431 12.461 
13.957 33.065 
17.147 59.035 
69.419 73.305 
39.235 42.877 
67.089 68.857 
36.882 64.712 
47.246 39.666 
28.003 81.872 
81.613 87.467 
12.094 12.694 
1.614 96.622 
6.467 21.731 
86.053 89.74 
60.213 65.049 
52.332 5.306 
38.785 55.893 
50.928 95.973 
77.446 83.285 
47.7 97.626 
54.403 35.51 
16.959 22.47 
24.725 69.612 
42.127 36.213 
94.697 41.573 
20.448 1.797 
73.314 46.517 
35.051 1.829 
47.315 93.325 
3.345 89.511 
21.904 39.016 
63.277 80.52 
69.498 68.85 
19.7 68.631 
78.272 68.715 
4.609 34.359 
94.476 60.087 
52.109 52.524 
65.516 11.856 
69.038 66.872 
13.608 99.511 
67.631 98.111 
81.952 81.056 
35.906 34.357 
98.68 91.592 
5.424 82.644 
55.541 78.335 
93.939 39.913 
1.065 11.526 
65.532 14.439 
79.074 77.958 
59.808 18.227 
84.485 27.798 
4.619 61.779 
38.151 86.087 
94.022 86.194 
18.021 78.282 
77.655 30.67 
6.287 33.211 
79.992 22.131 
98.223 84.036 
8.227 25.277 
40.003 72.8 
8.995 95.069 
88.307 67.54 
67.041 85.249 
37.957 52.868 
11.701 51.525 
69.147 68.939 
88.912 21.672 
74.835 19.157 
67.676 84.422 
60.544 37.645 
77.3 26.117 
89.708 4.952 
90.692 4.94 
55.984 68.395 
67.625 21.978 
98.279 43.78 
88.604 41.64 
63.409 6.961 
83.855 17.039 
8.412 90.277 
32.842 73.703 
97.177 90.459 
90.444 54.119 
35.152 46.199 
46.321 3.179 
33.488 53.57 
98.431 91.613 
60.746 70.361 
93.811 58.36 
35.378 2.052 
40.626 8.198 
6.979 49.417 
47.955 7.915 
82.823 49.187 
63.081 28.88 
7.7 3.08 
7.847 84.789 
77.445 63.953 
3.541 78.455 
13.326 40.571 
25.117 12.835 
29.417 82.767 
65.028 84.38 
48.553 25.308 
96.503 72.476 
64.248 51.983 
40.929 86.611 
13.705 2.466 
30.396 85.112 
61.424 3.937 
9.257 88.194 
71.704 46.16 
55.91 36.598 
46.665 56.2 
96.749 83.769 
51.334 85.455 
47.818 96.442 
13.995 17.421 
92.808 68.2 
82.76 22.937 
15.185 6.551 
85.372 35.424 
44.938 15.07 
1.222 0.068 
96.952 85.573 
19.854 52.277 
44.162 93.518 
35.938 48.337 
18.346 51.326 
14.15 81.367 
66.416 30.96 
10.016 52.268 
84.792 6.137 
37.601 45.045 
52.308 42.81 
76.892 13.066 
23.217 16.959 
18.641 55.628 
84.968 89.023 
98.041 98.414 
95.683 44.174 
33.098 47.09 
32.703 36.378 
61.289 8.287 
93.998 13.396 
91.707 79.658 
39.273 22.397 
20.619 71.72 
16.239 94.952 
58.834 57.724 
81.006 94.188 
19.134 22.005 
49.152 42.395 
76.405 57.207 
85.34 23.692 
93.896 34.153 
67.643 33.903 
13.755 10.346 
50.282 22.813 
59.217 19.432 
15.429 23.521 
6.289 80.451 
70.568 21.776 
83.446 43.493 
72.659 99.85 
71.362 69.626 
76.467 91.094 
4.098 11.557 
29.719 70.325 
17.817 75.304 
99.006 51.275 
83.199 98.061 
14.06 60.902 
32.467 53.304 
55.591 90.479 
10.334 53.447 
8.411 8.287 
1.416 77.496 
40.82 88.372 
20.557 45.098 
23.488 87.732 
32.635 16.2 
64.437 80.467 
76.721 18.419 
91.862 70.909 
8.524 42.581 
35.643 49.481 
86.703 21.171 
33.05 53.728 
50.045 92.69 
98.318 18.152 
29.924 39.206 
24.618 30.681 
47.518 39.029 
68.574 22.879 
41.981 71.113 
84.112 70.125 
34.727 26.771 
17.115 38.89 
88.134 33.205 
88.015 62.107 
72.359 6.913 
49.246 26.441 
33.006 35.264 
50.677 95.823 
39.757 10.792 
29.783 96.097 
13.678 15.169 
71.135 72.623 
47.894 1.121 
81.292 79.484 
49.068 63.848 
71.366 28.861 
22.48 65.937 
94.963 30.79 
27.841 27.0 
20.607 14.877 
75.822 23.454 
27.787 69.267 
37.979 22.213 
43.434 29.93 
29.028 64.045 
59.493 58.337 
19.089 16.671 
42.793 39.13 
55.724 66.418 
20.469 1.071 
78.585 26.569 
98.832 72.185 
28.819 15.524 
36.064 95.436 
7.796 35.693 
73.482 68.666 
42.244 77.544 
50.909 63.996 
42.25 33.249 
60.296 49.314 
76.754 29.296 
66.762 22.028 
87.852 87.191 
76.031 80.339 
48.7 57.694 
5.874 1.327 
10.567 94.338 
6.267 90.88 
27.608 84.154 
65.714 85.84 
5.962 75.174 
5.311 70.053 
86.2 2.895 
35.949 28.857 
26.967 91.661 
5.561 34.086 
35.442 79.03 
41.538 9.925 
9.019 42.596 
33.755 87.011 
43.231 13.072 
21.771 13.668 
82.636 38.521 
39.213 58.895 
3.692 30.294 
81.529 90.18 
75.159 91.755 
16.097 22.154 
99.031 44.413 
58.373 42.442 
11.165 66.243 
46.749 28.388 
49.325 89.227 
82.598 39.885 
93.062 66.008 
26.444 59.856 
79.891 37.818 
44.632 59.655 
91.341 10.286 
30.536 18.648 
48.989 24.068 
74.059 94.359 
5.523 28.942 
90.162 66.395 
37.224 18.254 
93.738 84.887 
10.357 39.78 
21.633 52.282 
6.481 97.903 
80.039 74.267 
15.747 87.901 
78.167 75.896 
82.313 24.461 
93.839 73.634 
70.324 99.988 
98.074 27.9 
5.878 18.718 
2.688 99.846 
15.294 74.733 
76.212 33.397 
3.083 96.984 
64.039 9.619 
5.311 46.448 
3.971 1.657 
96.875 0.514 
74.704 44.206 
68.174 94.795 
13.157 74.037 
6.691 10.628 
39.835 88.674 
65.589 56.553 
89.368 43.877 
33.897 57.685 
64.573 88.934 
31.791 54.263 
45.305 90.544 
88.166 82.538 
67.922 59.743 
32.081 59.395 
8.597 42.383 
34.156 54.645 
37.905 38.388 
25.994 61.23 
90.027 20.171 
6.951 11.436 
69.409 13.531 
66.255 9.978 
38.824 35.218 
34.962 7.209 
65.487 1.25 
72.973 95.71 
73.949 77.69 
20.784 62.918 
88.302 69.442 
12.648 67.108 
69.964 34.404 
84.638 62.544 
36.159 22.303 
67.916 88.897 
56.982 72.117 
5.217 27.429 
70.053 36.168 
3.557 71.524 
48.935 87.961 
1.554 59.849 
40.394 16.329 
51.427 76.585 
64.74 27.167 
90.766 81.807 
34.274 76.719 
41.391 44.094 
52.951 15.288 
59.804 61.733 
89.876 90.844 
39.719 36.046 
60.172 11.383 
79.059 19.094 
63.12 79.462 
7.799 20.432 
30.874 25.092 
3.798 93.674 
93.536 47.407 
47.308 84.86 
6.79 43.661 
15.747 85.235 
55.278 44.29 
75.254 56.66 
64.13 61.735 
65.33 93.545 
74.931 8.998 
85.233 76.374 
27.215 55.363 
69.411 5.805 
77.118 65.763 
91.698 0.04 
79.719 39.39 
64.278 2.276 
54.725 27.091 
82.81 13.559 
21.66 25.711 
41.579 7.08 
33.397 24.06 
75.1 80.475 
38.17 58.413 
83.776 87.146 
91.509 91.042 
39.512 97.982 
72.279 38.284 
85.372 58.165 
88.621 53.702 
0.606 22.188 
88.363 21.073 
56.363 15.788 
63.551 32.215 
14.344 71.045 
32.647 4.226 
9.733 27.983 
34.278 7.4 
11.292 61.037 
29.058 44.373 
18.48 44.915 
26.973 10.179 
70.461 64.961 
61.712 14.757 
71.753 53.272 
28.299 30.773 
39.25 54.736 
70.839 96.684 
97.277 74.037 
75.197 70.256 
8.494 88.578 
92.325 46.16 
85.568 17.387 
56.537 71.871 
28.559 72.435 
2.634 98.47 
88.235 47.048 
2.144 7.868 
29.858 25.473 
19.42 10.3 
50.941 36.088 
51.253 59.823 
5.709 66.068 
13.286 22.115 
33.21 12.039 
59.502 59.831 
8.729 51.289 
27.063 59.388 
0.077 89.895 
79.86 5.186 
20.376 70.128 
37.16 97.169 
5.012 74.952 
57.587 45.588 
20.658 33.473 
34.56 41.055 
29.194 38.431 
37.169 2.558 
87.363 2.174 
54.874 36.728 
67.201 5.139 
74.548 77.96 
48.236 14.592 
5.67 24.071 
55.941 46.437 
59.236 84.692 
96.99 39.755 
94.152 42.01 
21.213 90.777 
16.701 25.331 
82.915 67.092 
69.85 46.765 
52.519 13.958 
55.23 69.186 
65.051 28.606 
22.023 77.453 
37.806 89.441 
61.654 78.328 
88.546 78.328 
29.776 9.028 
78.466 12.6 
50.809 23.3 
29.249 22.835 
73.797 33.51 
6.945 58.499 
35.224 44.524 
56.614 21.682 
2.104 89.605 
74.678 58.447 
19.984 58.891 
9.55 33.452 
39.196 32.823 
21.403 87.369 
91.872 53.933 
95.273 74.232 
70.978 55.499 
32.481 71.14 
67.164 87.68 
61.671 92.325 
66.658 34.358 
17.488 39.958 
95.331 63.947 
51.417 11.169 
52.906 54.156 
41.06 18.62 
53.317 67.991 
55.675 85.114 
45.511 49.899 
45.548 85.281 
99.488 94.403 
55.666 14.503 
42.405 39.822 
44.074 94.878 
26.427 61.138 
9.999 5.749 
50.562 1.331 
69.143 6.082 
32.491 32.306 
85.556 96.487 
43.13 68.77 
45.455 0.172 
16.867 74.419 
17.254 34.435 
16.202 76.226 
12.949 88.877 
33.503 82.914 
57.153 18.441 
83.918 39.752 
30.62 43.438 
30.667 8.805 
45.603 30.153 
95.185 79.16 
97.68 75.542 
93.007 6.464 
69.514 3.128 
13.901 91.946 
25.46 85.023 
78.503 87.185 
95.594 35.095 
11.272 93.966 
38.105 3.114 
99.09 59.908 
98.535 38.469 
94.245 35.636 
74.104 33.648 
59.857 85.436 
53.499 43.402 
53.928 35.358 
26.733 73.622 
80.555 9.415 
6.308 89.667 
64.494 61.736 
27.306 82.172 
53.141 57.264 
75.215 71.49 
19.482 77.451 
62.756 96.453 
20.471 61.79 
68.072 75.526 
55.104 57.312 
42.794 70.984 
13.617 50.045 
93.817 41.713 
74.846 70.569 
91.721 72.382 
67.515 72.256 
62.928 72.335 
67.28 17.594 
51.885 33.546 
16.476 13.418 
72.932 17.094 
86.446 10.501 
20.944 78.861 
81.935 99.997 
7.163 30.31 
75.532 75.866 
16.957 68.987 
43.534 89.122 
8.684 29.72 
83.4 81.299 
66.98 94.751 
26.099 99.741 
30.913 36.098 
91.728 56.41 
71.376 48.688 
86.74 81.387 
56.095 24.033 
17.301 19.843 
76.337 95.265 
92.468 97.097 
66.632 17.04 
28.273 38.519 
70.958 79.124 
9.512 27.703 
0.195 51.04 
8.24 48.315 
66.834 61.05 
51.15 0.8 
57.855 26.819 
60.922 24.76 
68.229 97.264 
17.097 84.204 
27.109 52.635 
46.919 87.867 
0.275 74.722 
92.974 12.132 
38.985 57.091 
98.281 31.085 
61.502 15.585 
80.406 16.761 
80.234 38.287 
30.606 2.803 
25.569 43.855 
30.318 16.802 
41.677 57.253 
10.827 50.497 
54.464 35.487 
57.56 86.899 
8.068 76.85 
41.414 10.123 
13.386 90.111 
9.398 24.732 
82.696 97.801 
42.134 26.305 
2.227 37.195 
62.5 73.229 
17.446 38.17 
88.747 79.916 
19.969 57.157 
88.501 93.48 
32.065 20.327 
99.911 8.583 
83.473 22.588 
65.397 26.891 
82.737 3.101 
10.999 34.698 
96.859 70.587 
72.121 84.158 
70.793 38.67 
31.814 81.811 
52.22 10.834 
55.518 27.8 
38.672 12.613 
2.96 68.833 
2.849 47.335 
97.057 71.874 
59.961 31.375 
71.464 63.061 
39.442 97.168 
68.617 12.106 
55.588 56.495 
65.505 74.922 
24.851 94.482 
29.985 91.634 
37.624 86.262 
35.212 67.899 
1.5 96.072 
17.352 26.644 
85.737 74.379 
44.049 57.471 
77.409 62.436 
65.37 0.135 
0.086 42.143 
21.389 34.935 
32.362 91.007 
92.852 78.183 
55.347 24.84 
8.97 70.078 
49.659 47.371 
86.679 60.652 
45.444 31.696 
6.032 42.499 
5.975 22.235 
17.151 42.093 
18.483 30.464 
93.006 6.4 
62.32 43.875 
9.372 70.888 
83.571 46.122 
25.168 43.995 
92.094 26.143 
86.29 83.941 
68.671 36.189 
31.235 96.961 
40.738 35.093 
71.492 80.793 
71.982 84.904 
28.079 37.676 
85.06 18.197 
3.957 25.233 
61.86 6.402 
36.473 64.442 
76.071 44.089 
59.617 8.384 
40.072 72.025 
33.772 31.178 
9.117 28.161 
24.232 13.421 
70.644 69.797 
55.578 22.523 
50.551 11.618 
69.15 66.681 
83.556 77.299 
63.238 1.594 
8.938 24.674 
5.938 26.345 
60.229 36.424 
70.399 52.498 
52.071 6.926 
25.146 67.671 
7.813 11.8 
35.493 62.557 
47.551 43.103 
70.97 20.046 
72.299 84.139 
26.344 5.702 
12.548 62.868 
28.545 64.66 
69.702 51.472 
24.208 6.937 
24.166 38.307 
19.454 63.428 
42.246 63.907 
7.242 46.872 
48.928 0.078 
14.766 89.212 
81.623 38.782 
31.076 72.699 
70.791 57.001 
65.286 84.571 
38.296 66.233 
84.772 7.517 
85.182 4.756 
10.75 19.672 
5.151 68.326 
19.118 18.296 
81.464 20.283 
78.962 88.159 
10.199 95.056 
89.143 23.273 
54.518 59.427 
76.897 61.773 
49.364 43.155 
25.557 97.143 
39.245 68.847 
78.405 81.679 
41.518 84.053 
37.303 65.273 
92.22 19.623 
55.849 1.655 
40.084 70.414 
70.555 43.986 
61.867 17.003 
76.581 55.314 
93.119 22.93 
67.536 32.687 
50.501 92.777 
0.516 58.067 
73.452 53.04 
58.587 44.248 
98.857 2.079 
81.603 51.673 
74.918 97.126 
41.464 56.341 
89.332 38.766 
28.513 20.883 
64.292 81.586 
39.044 86.182 
98.345 18.417 
57.836 24.13 
1.414 90.603 
97.087 22.908 
0.079 42.979 
22.055 42.348 
7.66 23.148 
35.249 67.732 
70.026 71.698 
84.322 14.356 
1.21 90.231 
76.077 83.183 
97.922 82.569 
76.476 23.992 
33.108 18.581 
74.121 26.009 
17.438 41.776 
91.841 20.579 
86.671 39.947 
82.895 58.083 
23.167 57.726 
74.987 12.607 
65.373 23.605 
48.892 66.861 
63.199 90.149 
26.735 42.578 
64.302 55.023 
44.93 6.581 
55.047 55.496 
88.763 1.348 
21.975 90.248 
96.377 41.258 
7.778 18.409 
46.894 11.925 
72.93 27.107 
11.143 12.54 
76.909 0.097 
51.014 44.148 
41.789 11.826 
96.932 47.616 
26.029 41.447 
41.132 53.776 
90.934 91.146 
96.825 35.246 
39.388 68.341 
18.45 99.441 
58.844 51.774 
71.971 98.446 
26.021 31.853 
4.573 76.618 
51.357 26.413 
64.517 38.061 
41.741 36.801 
58.632 99.013 
79.674 30.659 
28.913 49.878 
34.528 15.145 
93.211 88.385 
11.218 59.567 
49.221 41.026 
34.041 33.474 
99.117 52.377 
11.076 38.71 
85.519 30.03 
90.711 11.195 
7.594 40.51 
38.183 91.567 
12.751 65.208 
52.737 94.141 
80.715 70.647 
77.9 17.236 
9.916 48.893 
15.166 89.436 
38.241 88.83 
48.432 94.774 
64.926 44.072 
50.922 87.037 
46.895 25.721 
57.208 45.321 
63.976 47.189 
76.394 64.929 
79.82 77.421 
6.092 89.053 
19.817 73.93 
64.594 56.035 
0.205 93.477 
22.103 95.965 
84.932 99.81 
72.793 91.645 
52.32 56.064 
44.886 84.694 
73.211 31.013 
2.288 2.404 
3.37 24.098 
11.655 78.832 
36.243 15.428 
67.125 86.775 
53.863 22.238 
64.999 10.895 
64.962 35.883 
50.665 60.284 
55.449 38.765 
75.28 87.98 
59.405 6.274 
21.882 71.918 
59.945 25.088 
15.815 15.886 
81.006 6.366 
76.19 74.312 
2.948 9.099 
81.859 21.929 
96.308 92.628 
0.129 70.803 
16.354 1.386 
30.983 78.269 
95.293 81.552 
70.338 87.208 
33.858 87.215 
47.96 77.416 
85.079 68.497 
8.503 96.717 
53.317 49.837 
0.006 92.784 
99.011 21.159 
64.855 86.423 
86.555 6.209 
24.795 6.54 
97.128 31.297 
95.164 91.793 
50.237 18.526 
82.08 65.324 
58.241 48.106 
44.333 7.775 
5.65 20.173 
75.28 43.245 
68.459 74.69 
6.68 57.887 
86.684 32.473 
26.242 90.268 
37.717 91.822 
75.117 0.888 
84.216 61.237 
50.85 43.62 
90.85 2.254 
54.211 59.616 
92.317 59.043 
89.482 87.293 
65.906 28.507 
20.242 86.669 
9.916 34.73 
69.084 61.909 
93.631 96.213 
74.342 99.331 
1.045 95.362 
11.009 5.529 
96.724 3.137 
80.868 82.747 
27.827 81.895 
75.595 82.874 
2.656 54.479 
12.955 92.117 
51.548 82.905 
64.457 19.218 
47.687 86.809 
31.131 59.459 
9.686 50.599 
54.599 50.11 
5.006 61.267 
31.601 37.035 
71.144 44.439 
61.002 28.281 
48.572 54.745 
9.616 53.697 
24.2 68.433 
49.5 29.553 
96.315 98.221 
7.441 58.169 
74.34 51.53 
94.567 28.227 
24.438 7.78 
62.813 69.769 
91.14 30.427 
84.631 22.853 
29.656 28.842 
42.033 61.481 
42.253 34.512 
82.782 73.33 
52.131 23.389 
55.846 61.764 
41.923 96.529 
6.096 15.958 
65.045 84.943 
13.712 46.851 
51.458 46.133 
53.003 92.054 
11.412 28.016 
32.832 66.171 
51.584 83.857 
35.002 31.351 
34.997 67.807 
71.937 77.806 
4.803 51.098 
95.014 50.692 
65.617 40.337 
8.22 61.944 
1.152 90.028 
18.507 83.112 
23.476 9.841 
5.71 39.849 
74.128 49.45 
88.549 21.629 
83.991 15.97 
23.576 97.992 
67.116 66.739 
13.939 20.173 
84.298 75.027 
4.142 79.59 
36.378 60.378 
75.061 38.163 
41.373 73.909 
53.001 26.854 
19.433 76.338 
30.002 87.755 
3.238 94.263 
15.505 13.919 
8.972 86.81 
92.77 45.967 
10.798 87.117 
17.808 27.703 
51.05 56.312 
88.557 34.201 
93.947 96.472 
27.634 55.234 
67.466 2.348 
86.968 3.044 
20.654 23.628 
30.548 36.994 
48.662 33.732 
51.986 42.724 
43.379 43.871 
59.832 34.414 
50.211 59.278 
40.607 66.223 
41.984 56.288 
13.171 20.514 
52.051 64.003 
47.393 33.243 
93.747 56.327 
5.637 62.368 
85.294 93.272 
32.363 10.385 
53.09 81.984 
99.485 67.018 
85.955 13.841 
43.532 88.557 
16.405 9.432 
4.78 46.572 
90.22 83.373 
49.105 67.559 
98.331 49.946 
57.118 44.489 
97.565 29.718 
59.515 35.584 
16.326 7.283 
55.532 49.625 
8.528 91.918 
43.898 81.799 
73.608 78.707 
5.87 82.675 
98.821 49.425 
91.491 80.138 
51.806 6.525 
86.743 71.233 
63.831 11.039 
11.151 40.27 
12.42 6.143 
77.329 59.337 
55.617 61.796 
41.522 25.266 
1.803 82.176 
68.136 82.186 
57.164 10.475 
4.039 4.298 
30.734 39.105 
0.819 51.564 
91.223 78.527 
45.837 0.793 
11.539 34.493 
74.054 95.342 
62.105 46.277 
44.484 64.012 
78.823 2.888 
95.381 14.636 
8.906 34.429 
81.859 9.83 
6.937 11.72 
50.741 46.756 
64.6 88.565 
14.423 54.427 
86.558 60.54 
37.59 40.63 
73.663 79.016 
50.149 4.62 
36.505 59.725 
50.451 18.009 
58.663 4.141 
1.139 93.636 
47.721 35.25 
11.355 35.836 
11.554 91.073 
98.593 42.736 
62.06 21.416 
51.011 99.742 
84.128 28.025 
92.679 86.763 
53.667 70.255 
85.466 8.018 
24.415 12.299 
57.422 88.229 
41.208 3.099 
42.243 62.443 
1.597 18.752 
74.024 59.871 
43.158 38.848 
53.536 51.428 
21.781 87.654 
16.409 51.837 
60.635 75.513 
24.375 64.492 
98.564 83.21 
76.438 7.056 
24.003 32.117 
1.152 79.88 
74.672 76.601 
50.251 15.905 
92.78 12.204 
76.455 44.122 
17.713 21.108 
85.835 8.91 
3.902 79.715 
97.167 29.098 
48.442 30.679 
97.513 57.117 
82.112 80.724 
73.392 72.955 
42.444 74.7 
73.02 61.56 
91.768 78.323 
75.851 63.07 
41.667 58.522 
90.06 82.267 
48.417 67.596 
19.563 50.947 
28.099 23.578 
81.72 65.833 
70.609 84.702 
28.317 70.348 
59.852 95.497 
68.454 97.531 
2.5 19.247 
97.955 17.658 
57.301 34.587 
35.068 0.824 
8.903 59.281 
64.906 29.37 
79.898 84.428 
98.047 50.71 
9.305 77.697 
95.171 15.362 
46.342 37.843 
43.082 28.755 
14.829 51.634 
86.033 46.854 
22.16 37.42 
88.941 26.885 
56.741 86.639 
21.648 60.745 
77.278 79.387 
33.063 7.58 
77.604 24.493 
7.498 16.472 
58.635 47.669 
4.249 21.697 
69.847 86.302 
34.991 69.643 
85.976 36.63 
45.53 23.651 
1.764 76.935 
53.826 16.54 
44.643 34.874 
52.293 21.262 
88.124 39.694 
85.467 25.19 
86.964 32.37 
22.381 92.31 
13.523 97.533 
63.862 50.806 
34.946 96.841 
55.082 98.886 
43.204 63.538 
4.503 25.243 
35.417 6.377 
19.675 83.932 
53.181 15.846 
65.272 75.732 
20.696 83.563 
15.032 19.0 
22.493 2.327 
29.808 25.599 
64.038 79.661 
3.224 74.585 
16.328 4.376 
9.45 17.367 
2.341 98.901 
69.45 18.542 
26.95 76.994 
41.998 56.187 
15.46 92.194 
75.717 47.301 
90.21 31.713 
37.724 16.9 
59.247 6.713 
19.514 80.234 
60.671 21.37 
61.564 25.428 
54.158 59.733 
25.937 31.187 
86.296 93.101 
68.908 50.273 
82.704 70.286 
79.48 65.226 
7.402 75.432 
99.399 27.597 
79.704 29.172 
69.671 97.887 
98.638 4.883 
89.137 30.846 
32.115 4.131 
82.096 66.126 
77.151 33.893 
95.621 91.006 
70.918 23.847 
74.929 94.398 
38.416 20.294 
7.809 22.748 
51.486 35.749 
1.015 38.29 
62.944 14.999 
68.646 67.438 
88.156 24.17 
21.903 98.503 
58.132 58.225 
83.701 44.155 
88.335 5.698 
14.496 40.763 
3.723 2.634 
12.83 61.406 
80.475 1.673 
85.326 50.267 
18.904 39.069 
23.332 30.193 
39.881 54.6 
38.179 90.964 
44.198 3.618 
4.469 35.887 
79.287 31.92 
72.934 18.943 
74.499 27.176 
17.042 62.434 
20.905 83.157 
13.26 34.56 
90.627 34.979 
40.109 37.697 
50.104 13.298 
76.64 35.144 
94.279 10.121 
84.073 60.33 
12.303 66.154 
61.073 88.074 
82.022 85.875 
76.997 64.749 
53.482 69.793 
29.106 64.093 
13.829 72.719 
28.751 83.177 
24.813 13.947 
81.682 53.482 
61.078 62.17 
81.478 1.298 
61.291 76.694 
21.994 78.745 
89.908 61.096 
68.558 87.163 
94.348 16.995 
93.297 48.6 
22.722 36.319 
68.247 56.73 
80.685 85.146 
38.955 66.249 
93.012 79.344 
18.669 90.989 
0.255 10.513 
45.794 29.106 
95.002 73.172 
79.703 46.994 
97.207 42.89 
45.853 49.278 
38.46 88.946 
54.708 64.485 
66.315 1.901 
27.779 3.365 
16.571 67.17 
39.883 57.823 
8.457 27.599 
24.73 94.243 
88.237 48.047 
31.875 93.22 
83.105 69.729 
73.357 55.358 
69.402 58.375 
44.564 9.537 
64.901 37.955 
7.89 33.303 
48.615 16.877 
8.356 12.844 
64.234 84.398 
79.124 62.791 
62.787 5.79 
31.655 71.528 
25.329 82.317 
9.395 26.419 
79.624 15.98 
29.913 11.724 
78.04 40.688 
22.307 58.22 
26.3 44.098 
66.294 72.455 
44.076 29.999 
95.809 29.843 
5.576 35.549 
17.223 52.584 
7.131 7.802 
4.41 54.382 
43.042 11.256 
66.382 19.784 
53.488 23.48 
7.534 56.908 
25.294 61.101 
30.307 85.838 
64.711 58.734 
61.44 12.427 
86.577 10.245 
57.47 85.87 
93.39 24.184 
69.382 23.458 
89.539 53.064 
32.804 59.389 
90.393 91.192 
3.312 47.869 
4.6 52.518 
23.239 95.174 
73.977 4.097 
61.053 14.429 
63.56 93.931 
98.711 71.926 
96.861 98.987 
28.624 23.639 
83.667 83.24 
30.912 99.559 
4.367 30.934 
14.152 26.967 
81.075 13.905 
61.879 8.188 
79.77 11.551 
66.021 35.529 
9.069 78.53 
62.464 33.947 
76.618 96.666 
56.652 35.521 
21.479 83.408 
57.707 72.581 
70.076 58.938 
67.555 82.093 
76.097 98.309 
12.173 2.785 
74.965 11.843 
48.0 99.537 
57.376 89.052 
25.635 90.983 
54.899 7.484 
66.94 54.384 
19.839 82.223 
78.519 89.148 
54.441 96.899 
40.703 95.145 
76.945 96.27 
80.714 44.918 
60.51 79.835 
94.634 6.43 
5.537 91.21 
72.735 48.521 
4.242 92.08 
13.932 5.917 
8.968 59.461 
60.303 92.724 
54.159 69.475 
3.778 61.18 
54.311 41.778 
98.675 19.553 
85.694 67.143 
54.317 54.646 
74.927 81.185 
56.672 28.767 
50.938 43.566 
35.216 59.049 
95.701 24.523 
39.217 81.071 
33.357 57.253 
32.578 71.072 
52.183 91.241 
24.907 29.796 
79.879 88.891 
13.642 45.394 
28.269 91.173 
89.149 30.872 
55.397 11.23 
56.232 27.948 
71.884 84.21 
97.157 3.23 
2.098 40.462 
4.199 37.847 
21.144 93.533 
54.051 38.679 
28.998 81.266 
39.392 71.882 
71.515 74.913 
94.653 53.538 
16.703 6.784 
24.89 53.534 
54.515 91.835 
10.887 75.928 
23.277 2.943 
36.93 98.432 
36.683 41.472 
79.581 95.549 
36.79 95.912 
56.837 1.788 
87.423 14.953 
43.318 81.241 
78.281 63.695 
82.674 43.472 
6.968 69.189 
16.168 29.718 
28.375 73.547 
96.316 49.067 
91.27 96.046 
41.958 82.183 
40.99 24.163 
55.412 0.311 
89.719 90.003 
28.961 68.373 
38.213 91.76 
0.795 15.46 
11.426 81.038 
16.833 43.712 
75.371 94.41 
50.731 16.947 
83.925 79.463 
64.265 30.187 
6.86 84.417 
40.993 40.654 
13.209 84.378 
37.612 71.525 
4.261 45.372 
71.406 93.04 
49.407 55.396 
67.12 16.562 
15.474 87.932 
36.586 34.434 
54.801 55.113 
88.443 42.202 
39.649 45.82 
21.096 49.316 
34.902 1.988 
17.483 91.984 
8.198 56.949 
50.426 26.371 
47.114 35.882 
84.195 81.64 
5.681 56.639 
99.653 84.616 
60.838 92.466 
55.348 2.826 
95.006 34.482 
52.791 16.269 
27.598 40.091 
34.62 51.875 
55.188 50.937 
74.677 6.224 
25.793 37.534 
20.939 22.184 
99.854 3.937 
50.504 23.961 
0.776 29.243 
45.42 67.664 
46.181 33.999 
37.952 35.551 
52.903 59.491 
64.3 45.739 
60.933 87.224 
54.568 81.663 
36.411 20.578 
86.088 12.838 
66.157 36.044 
6.756 16.985 
43.378 92.925 
20.941 65.452 
36.552 63.628 
60.989 62.243 
27.334 10.507 
92.366 63.383 
67.409 81.448 
89.982 47.599 
6.39 26.459 
13.869 29.384 
13.455 72.847 
1.667 18.754 
78.533 35.878 
32.004 12.853 
56.708 69.885 
0.05 54.02 
91.419 97.414 
5.175 84.978 
66.297 38.496 
62.11 56.611 
2.08 64.81 
48.391 40.811 
58.679 23.402 
61.867 63.724 
16.279 46.463 
95.709 76.946 
57.973 5.217 
56.514 60.014 
47.173 51.891 
41.92 7.332 
75.7 33.131 
45.107 35.799 
82.332 16.15 
46.989 89.645 
76.392 25.797 
59.557 20.874 
4.119 17.541 
39.47 99.343 
28.371 9.775 
65.835 11.103 
92.895 52.089 
31.833 26.939 
15.461 68.143 
65.34 56.352 
83.912 50.338 
45.087 96.651 
1.06 28.71 
69.415 28.106 
76.234 46.8 
43.149 56.365 
7.987 0.599 
27.469 31.013 
33.0 83.899 
26.338 96.239 
53.742 9.737 
41.739 12.947 
97.285 1.593 
32.085 72.857 
43.964 38.74 
94.58 52.12 
1.055 83.27 
37.628 91.442 
82.831 87.227 
2.982 79.384 
11.889 3.303 
25.188 17.896 
4.41 15.317 
78.24 64.966 
23.474 0.923 
8.132 67.978 
29.872 14.844 
68.383 6.515 
88.59 68.602 
46.714 96.681 
80.672 15.307 
0.453 71.762 
84.072 79.753 
9.285 7.657 
40.831 75.993 
10.733 51.06 
66.032 81.983 
75.014 20.443 
85.389 80.814 
43.388 52.974 
97.208 35.51 
94.84 80.848 
95.215 95.553 
36.773 50.3 
60.414 58.485 
24.994 72.422 
42.579 45.79 
20.676 30.064 
54.348 80.775 
3.619 33.612 
37.339 0.641 
99.712 1.419 
54.632 75.014 
92.719 24.753 
16.655 13.434 
22.709 46.833 
62.581 81.227 
73.745 63.632 
39.432 76.939 
27.975 15.748 
36.889 33.891 
43.504 25.423 
44.029 53.341 
90.478 28.178 
91.308 53.825 
10.876 52.784 
4.668 67.608 
1.777 17.244 
52.605 43.767 
43.313 80.573 
49.36 72.115 
34.751 65.638 
30.111 1.775 
44.486 85.052 
14.66 92.279 
88.348 49.719 
0.818 35.319 
75.481 37.14 
87.937 47.198 
7.984 64.911 
87.509 86.572 
79.603 77.913 
70.188 45.659 
53.362 4.768 
4.891 83.65 
91.032 48.975 
90.996 69.704 
86.057 12.708 
27.871 32.82 
22.873 8.517 
59.296 69.594 
11.377 14.926 
13.219 16.049 
40.945 6.686 
79.104 9.297 
65.458 46.675 
64.659 57.464 
35.782 59.767 
33.252 78.984 
55.077 71.002 
95.545 35.502 
79.218 25.228 
4.484 77.088 
42.838 46.773 
66.501 82.24 
16.068 17.024 
2.318 51.641 
83.094 75.784 
91.089 26.307 
42.301 27.063 
16.587 10.705 
64.852 55.297 
25.986 12.26 
95.698 37.606 
50.52 12.609 
7.937 4.575 
57.255 42.575 
86.123 31.115 
12.93 29.769 
67.687 4.89 
73.925 19.705 
60.879 45.435 
96.25 36.545 
38.033 78.69 
68.448 23.904 
82.731 81.918 
99.292 34.836 
28.189 0.655 
37.814 33.129 
93.591 44.751 
23.502 72.528 
65.104 86.727 
18.838 22.148 
37.211 15.866 
44.932 31.316 
10.285 51.65 
20.186 38.661 
73.146 89.73 
99.823 82.575 
26.039 80.127 
73.307 17.008 
9.783 89.759 
61.806 56.315 
21.501 17.662 
59.41 22.506 
85.036 80.862 
96.693 93.711 
7.632 71.177 
67.796 96.551 
16.632 86.379 
62.349 99.277 
2.963 44.144 
96.552 50.32 
45.323 29.911 
65.396 67.144 
48.574 47.787 
10.519 98.107 
33.868 98.453 
18.195 90.041 
64.691 17.159 
22.585 62.462 
47.524 50.191 
17.018 2.763 
17.912 31.154 
8.422 11.536 
35.927 28.801 
42.105 6.464 
19.35 15.589 
82.315 32.477 
98.37 95.409 
87.759 20.78 
73.099 94.606 
49.848 64.209 
91.636 41.222 
15.022 21.427 
25.054 87.322 
70.904 43.484 
49.479 28.397 
42.636 43.817 
80.856 89.929 
63.012 81.225 
5.342 35.343 
35.024 7.707 
36.261 17.114 
45.589 26.488 
54.713 8.018 
34.084 98.832 
65.781 24.375 
75.377 28.184 
69.46 1.965 
14.592 28.096 
65.336 70.047 
75.469 19.092 
80.113 54.893 
89.867 40.328 
6.509 55.543 
58.393 11.37 
47.466 60.015 
61.775 64.005 
60.749 69.5 
73.33 70.412 
33.406 6.127 
78.812 71.327 
82.018 27.266 
73.199 18.036 
22.659 62.273 
69.079 99.765 
99.41 39.77 
55.336 21.593 
1.366 94.185 
89.425 71.952 
74.672 53.011 
31.331 86.06 
57.37 92.627 
17.997 19.526 
4.435 55.166 
98.389 79.829 
2.41 73.136 
56.016 34.436 
59.425 19.1 
34.772 65.581 
61.324 25.026 
21.276 64.372 
96.142 27.13 
77.774 44.574 
51.37 69.336 
84.141 64.96 
34.718 23.088 
26.425 77.163 
13.9 62.999 
22.414 97.682 
90.734 57.464 
44.352 73.228 
74.206 20.935 
7.779 7.993 
19.096 27.898 
27.188 31.399 
58.826 44.737 
57.734 77.506 
13.463 7.092 
65.029 3.277 
14.36 85.185 
91.006 83.526 
37.311 28.772 
51.875 41.256 
34.436 9.055 
70.379 86.784 
74.187 50.9 
78.522 66.289 
43.934 87.719 
72.369 73.569 
68.938 19.671 
84.838 55.775 
77.432 77.996 
0.904 35.21 
5.081 72.248 
53.807 87.82 
76.055 18.041 
63.204 6.878 
55.627 96.109 
88.418 57.062 
14.327 9.475 
94.45 35.095 
29.161 19.259 
61.425 78.877 
58.772 48.979 
63.905 8.125 
99.671 30.767 
12.191 36.82 
2.581 67.013 
46.592 58.591 
23.783 56.306 
41.98 56.81 
29.038 93.978 
66.564 88.494 
33.371 21.547 
66.331 59.87 
90.41 80.088 
79.519 21.787 
82.906 40.968 
91.59 18.858 
67.586 18.021 
38.075 35.298 
50.768 27.433 
78.088 90.788 
24.368 24.773 
95.842 36.51 
37.161 89.058 
58.115 81.769 
68.533 10.87 
72.383 81.481 
3.003 73.827 
50.188 66.519 
94.574 43.678 
79.602 42.159 
47.15 5.117 
73.646 52.128 
78.479 3.633 
64.082 77.717 
53.17 22.685 
99.068 97.356 
91.296 74.433 
46.992 97.334 
87.014 75.195 
87.227 76.75 
3.541 89.288 
5.392 75.628 
78.672 26.646 
3.671 44.244 
6.044 85.426 
43.327 48.433 
31.107 41.763 
11.1 42.718 
86.038 53.71 
8.11 65.873 
95.784 82.217 
84.71 86.955 
34.56 99.389 
48.065 73.202 
96.626 36.785 
82.35 35.134 
44.042 13.119 
78.363 63.87 
12.56 83.278 
66.249 88.325 
5.559 77.639 
68.783 85.622 
45.769 37.661 
61.048 35.162 
40.273 81.979 
71.915 52.124 
5.213 75.241 
90.736 57.663 
86.149 72.903 
45.538 8.356 
91.109 53.261 
29.032 28.224 
33.454 69.704 
3.406 65.377 
11.988 31.444 
55.729 62.429 
12.63 80.647 
49.424 92.195 
70.926 66.129 
53.593 53.071 
8.429 13.7 
46.204 25.394 
91.116 52.722 
88.606 98.137 
4.459 91.567 
60.642 81.501 
63.254 15.314 
47.441 7.679 
48.484 85.58 
18.055 64.603 
38.191 47.831 
81.64 50.645 
19.251 38.614 
26.539 82.624 
14.849 48.272 
14.443 14.258 
47.486 81.618 
25.792 12.493 
38.783 14.881 
85.328 31.035 
21.395 72.542 
81.656 10.239 
30.821 88.79 
60.609 47.647 
93.672 19.95 
45.352 7.03 
93.768 76.232 
2.28 88.885 
51.586 61.896 
56.52 12.93 
2.245 9.254 
35.281 88.457 
90.943 77.364 
56.301 13.318 
55.468 1.696 
22.23 29.085 
69.48 42.237 
35.915 5.97 
61.46 40.012 
84.64 61.371 
0.054 97.325 
33.681 97.422 
44.638 34.269 
24.598 40.095 
54.785 52.12 
8.111 4.946 
74.308 80.096 
64.032 84.974 
31.128 40.725 
75.523 17.305 
43.086 7.468 
34.951 19.293 
57.486 44.957 
59.464 29.055 
83.06 6.299 
91.002 43.76 
80.727 75.979 
74.15 97.943 
89.107 69.112 
71.642 52.458 
81.548 7.985 
21.328 7.081 
72.58 13.088 
63.607 12.039 
4.93 43.313 
9.777 86.965 
91.532 72.76 
36.251 28.503 
82.279 53.462 
51.96 50.081 
85.724 17.613 
23.398 48.128 
5.156 9.424 
1.318 12.0 
91.479 34.561 
47.143 84.092 
18.659 48.427 
85.636 70.259 
38.101 21.766 
8.713 48.68 
49.554 53.823 
47.521 38.905 
66.286 48.231 
88.585 76.254 
5.143 85.942 
98.129 26.987 
54.954 17.51 
92.366 71.514 
30.944 6.227 
1.965 21.547 
48.103 22.123 
74.387 10.827 
88.134 59.171 
7.954 43.389 
25.256 41.335 
43.106 74.927 
27.538 44.298 
34.285 13.781 
37.363 20.143 
51.002 84.547 
42.558 75.791 
54.945 88.36 
76.702 32.576 
19.872 93.841 
3.956 92.748 
8.69 16.845 
71.893 31.376 
71.207 35.202 
18.802 49.324 
92.52 51.767 
60.855 36.585 
20.561 68.567 
66.516 77.586 
54.967 13.708 
76.33 62.172 
64.49 70.269 
93.671 24.48 
15.882 46.327 
85.526 42.835 
14.818 11.868 
95.156 20.533 
61.542 59.825 
87.474 82.669 
4.697 2.116 
43.174 36.016 
48.983 63.082 
85.967 72.147 
76.271 99.525 
54.91 26.525 
16.016 3.064 
47.827 84.401 
48.032 34.155 
61.192 22.821 
66.543 35.765 
55.044 51.431 
73.729 20.518 
89.187 96.016 
81.11 81.31 
42.802 32.769 
14.601 92.53 
66.905 31.957 
93.873 1.278 
30.261 61.219 
45.576 38.345 
46.174 84.445 
9.606 17.187 
91.868 94.969 
93.655 16.827 
21.463 1.649 
4.429 29.214 
47.694 68.085 
44.317 87.432 
24.785 86.302 
72.969 60.946 
28.31 27.178 
57.165 62.934 
90.977 48.198 
0.008 55.963 
10.367 82.145 
28.76 60.686 
94.764 88.328 
15.996 30.144 
52.379 59.257 
47.277 95.421 
7.015 54.245 
80.725 77.903 
94.7 26.213 
21.543 91.385 
76.509 41.681 
42.253 51.544 
27.64 82.752 
44.619 51.577 
43.49 56.533 
98.896 63.209 
39.955 49.761 
71.578 36.873 
54.94 94.679 
55.526 64.48 
67.304 66.554 
80.916 16.639 
71.601 18.385 
26.595 92.263 
73.467 85.453 
33.184 39.406 
47.224 69.803 
33.223 91.627 
11.859 22.972 
17.385 83.779 
49.292 5.018 
49.87 20.419 
70.616 22.363 
39.899 80.71 
43.594 87.196 
52.832 4.535 
30.982 73.164 
53.72 73.065 
74.228 29.067 
38.392 83.224 
30.053 34.823 
28.002 49.159 
37.774 62.2 
88.41 4.903 
51.522 24.59 
0.456 97.322 
59.008 46.765 
91.785 87.994 
81.532 42.48 
59.284 33.038 
48.95 61.969 
44.169 30.92 
54.969 97.096 
97.23 83.053 
52.965 56.186 
21.701 86.055 
62.501 0.925 
85.628 97.938 
7.37 21.41 
36.305 58.414 
70.133 20.879 
21.735 38.804 
38.18 29.922 
96.503 7.526 
76.342 87.438 
73.021 63.897 
12.662 34.075 
16.513 37.276 
13.331 7.304 
76.359 48.732 
68.167 74.657 
29.827 88.364 
91.011 32.602 
30.823 88.136 
87.481 32.303 
6.326 86.657 
6.624 43.78 
34.49 12.47 
76.16 62.381 
71.409 68.685 
71.397 44.206 
17.832 39.622 
22.28 58.779 
26.42 94.778 
74.58 57.055 
21.041 76.243 
77.551 32.392 
15.506 47.421 
74.793 31.021 
34.514 95.569 
41.575 88.817 
76.863 65.892 
16.881 68.237 
34.49 12.54 
65.283 49.29 
79.298 44.029 
33.74 55.682 
16.93 1.453 
54.878 43.176 
71.583 51.939 
97.489 37.711 
35.797 84.1 
47.056 72.714 
75.321 74.116 
30.713 12.933 
20.827 29.335 
17.447 69.597 
22.362 25.951 
37.501 72.829 
77.396 9.442 
45.418 24.071 
29.93 61.484 
13.128 2.312 
10.019 52.768 
21.568 95.376 
27.604 2.473 
95.98 7.103 
82.727 9.215 
19.58 86.805 
36.833 8.233 
43.427 51.888 
90.171 83.855 
38.599 12.909 
57.601 30.307 
56.759 84.06 
47.475 29.322 
19.63 52.935 
91.114 12.548 
73.787 57.941 
82.404 48.453 
64.854 23.831 
42.669 93.096 
67.041 23.226 
60.683 15.031 
87.081 22.593 
44.98 56.873 
61.738 49.132 
12.661 97.335 
75.27 10.97 
1.963 83.832 
42.487 33.145 
20.075 37.056 
62.056 5.886 
49.425 72.625 
15.109 74.92 
8.743 49.586 
76.411 62.571 
64.544 62.669 
7.593 29.157 
50.147 81.166 
21.661 23.87 
52.71 66.833 
91.833 31.272 
77.02 57.903 
22.998 71.281 
28.092 93.731 
85.932 93.742 
79.535 21.296 
7.069 69.932 
2.868 51.697 
24.449 85.555 
16.244 70.629 
72.689 59.474 
54.047 33.636 
38.244 94.48 
52.029 85.556 
81.925 68.786 
35.702 38.092 
4.465 82.215 
32.328 93.04 
46.423 6.413 
88.007 86.75 
49.095 67.673 
2.505 98.055 
30.791 83.497 
14.969 49.426 
26.546 29.492 
67.147 22.376 
5.177 20.323 
9.032 16.067 
78.973 24.078 
48.658 43.257 
20.736 85.327 
39.03 53.974 
29.913 64.799 
60.592 19.669 
43.94 54.022 
6.118 88.968 
36.335 4.142 
30.952 98.288 
98.522 55.147 
85.814 64.582 
10.369 46.789 
80.835 7.833 
0.524 35.557 
29.458 89.621 
23.886 49.372 
53.774 7.46 
88.187 9.376 
27.892 20.738 
54.967 18.385 
38.747 46.535 
87.855 53.839 
13.259 51.29 
11.867 41.744 
78.036 89.014 
84.948 59.776 
78.93 47.037 
59.544 61.999 
11.861 19.82 
25.809 28.18 
11.11 29.258 
64.852 29.301 
25.585 76.516 
32.387 53.306 
58.158 1.893 
40.944 72.684 
23.12 31.813 
9.469 20.827 
10.185 92.802 
53.334 86.903 
54.377 73.856 
94.924 47.975 
41.555 49.151 
66.955 35.699 
18.86 24.473 
98.193 45.687 
60.265 17.137 
49.85 96.383 
3.335 78.856 
50.341 42.418 
54.974 30.988 
5.733 11.984 
31.55 94.682 
43.659 96.536 
72.768 24.252 
41.02 63.74 
52.496 39.46 
85.57 15.531 
0.402 85.681 
25.471 65.4 
38.586 54.309 
63.309 13.161 
89.271 91.234 
76.232 74.427 
49.548 41.917 
67.134 47.935 
44.046 98.31 
34.322 78.62 
45.513 6.438 
65.062 5.167 
55.81 70.703 
30.228 65.044 
29.988 87.616 
35.179 79.128 
97.278 80.699 
37.81 86.319 
36.457 29.574 
67.655 93.242 
25.438 47.878 
14.911 86.469 
33.847 34.723 
95.362 39.206 
19.217 94.465 
92.953 84.532 
89.59 17.536 
72.444 34.289 
83.123 61.46 
47.816 38.219 
34.383 16.072 
17.139 11.281 
17.239 39.971 
29.303 78.837 
20.019 47.811 
73.04 61.513 
98.289 97.504 
90.635 52.003 
95.933 73.105 
49.382 44.392 
32.635 44.67 
91.153 63.457 
88.418 61.879 
9.961 76.757 
17.921 21.148 
79.099 11.449 
45.529 21.265 
86.294 91.955 
31.817 27.408 
81.196 16.593 
51.807 30.065 
57.608 77.434 
17.201 59.407 
72.701 38.101 
42.626 3.093 
57.111 20.052 
87.441 32.81 
75.341 83.684 
45.324 1.882 
50.454 4.004 
10.493 22.254 
57.672 64.371 
26.204 16.637 
24.703 44.054 
91.001 37.211 
75.073 38.479 
39.383 66.493 
5.446 66.953 
45.126 22.076 
94.756 80.248 
55.228 21.303 
52.882 70.353 
87.166 53.216 
47.91 22.21 
35.84 84.277 
38.707 2.211 
60.3 99.066 
11.661 81.895 
82.518 82.266 
42.472 58.909 
17.818 43.315 
48.782 8.794 
76.436 32.76 
79.107 80.773 
80.244 60.565 
71.481 20.147 
18.931 10.011 
99.227 97.354 
32.95 15.932 
23.314 18.976 
10.313 28.76 
91.855 83.261 
93.243 56.716 
93.251 81.134 
84.314 38.047 
22.822 0.55 
0.863 36.837 
97.242 40.471 
95.215 46.691 
57.229 62.428 
70.614 53.795 
94.637 14.475 
57.198 33.486 
77.038 16.45 
65.42 33.498 
53.911 52.868 
0.22 55.366 
13.082 9.033 
17.461 40.64 
59.825 75.87 
63.175 18.535 
45.606 3.769 
77.015 89.527 
88.584 69.637 
51.686 89.02 
28.848 81.97 
87.783 7.365 
27.998 38.395 
66.941 65.668 
16.44 18.572 
65.662 75.995 
46.523 44.259 
47.818 2.058 
13.654 54.212 
91.703 37.008 
33.004 34.032 
61.545 13.326 
43.048 57.229 
17.118 74.884 
84.093 46.714 
97.04 86.315 
65.227 73.483 
92.957 62.596 
40.828 45.616 
69.363 10.558 
50.98 11.627 
93.422 78.404 
31.425 90.355 
25.693 88.33 
39.724 7.816 
61.528 79.663 
35.098 64.465 
54.258 0.891 
18.859 13.426 
23.171 12.854 
42.292 31.018 
60.927 63.768 
58.898 30.776 
2.914 23.53 
31.833 86.452 
44.555 26.836 
28.696 75.558 
48.815 41.106 
43.076 42.736 
92.07 10.405 
37.311 54.058 
38.282 15.305 
3.817 52.6 
25.504 80.399 
37.408 84.434 
49.65 81.039 
51.7 79.105 
16.622 90.731 
99.37 95.081 
27.615 0.409 
65.547 61.144 
16.411 41.312 
0.771 89.552 
22.339 88.257 
10.277 39.206 
28.63 15.826 
46.046 5.768 
56.577 16.707 
4.937 7.332 
20.854 19.664 
5.571 85.413 
48.109 18.911 
21.471 78.189 
57.956 3.974 
1.116 54.03 
31.031 20.793 
9.297 72.925 
45.687 0.937 
4.474 20.942 
2.06 28.538 
56.483 65.419 
98.906 52.979 
14.384 35.555 
42.974 35.196 
86.453 10.679 
43.769 4.028 
95.611 34.915 
4.792 6.021 
25.013 26.31 
54.561 42.519 
28.478 14.864 
44.897 35.367 
31.059 60.621 
28.372 44.633 
77.681 77.758 
29.673 63.584 
47.654 21.286 
83.212 46.492 
12.856 38.877 
96.483 34.454 
94.961 93.595 
39.56 50.539 
44.85 85.252 
86.797 18.94 
41.524 93.3 
13.332 96.534 
39.291 50.379 
87.044 55.875 
55.503 58.382 
12.896 63.29 
64.019 55.276 
72.507 21.635 
98.363 60.848 
41.862 28.683 
5.544 51.021 
64.091 66.179 
44.993 46.245 
65.516 81.505 
60.479 33.622 
43.124 79.806 
6.866 32.227 
52.925 96.182 
27.373 61.239 
81.916 70.464 
15.963 22.566 
86.356 41.591 
64.303 52.253 
73.023 84.496 
65.471 15.793 
10.959 57.672 
43.355 64.538 
36.792 17.658 
97.301 37.223 
89.81 88.814 
25.209 11.928 
49.214 37.004 
26.814 46.454 
64.548 85.518 
30.812 4.139 
40.295 86.904 
57.261 78.042 
96.632 84.435 
88.773 68.355 
28.556 82.228 
10.166 97.682 
97.81 36.087 
25.239 15.139 
8.257 72.864 
12.586 70.025 
49.013 99.232 
32.919 6.888 
23.92 7.426 
57.544 88.249 
68.704 24.104 
56.536 14.063 
87.866 91.831 
45.596 59.621 
1.753 60.787 
61.751 51.125 
73.57 34.711 
15.824 52.025 
95.176 3.859 
91.171 37.753 
31.946 93.862 
62.704 7.582 
49.113 48.723 
82.96 67.996 
91.911 52.385 
12.348 70.503 
33.09 25.11 
0.763 51.782 
8.625 59.529 
46.428 58.332 
38.224 45.137 
45.595 98.85 
5.644 42.794 
55.062 3.624 
35.492 92.258 
55.474 69.482 
97.615 98.502 
47.615 99.043 
99.727 31.783 
57.912 63.255 
4.017 82.087 
62.495 79.342 
99.9 29.17 
17.809 87.544 
1.635 13.915 
99.592 46.695 
1.928 57.889 
59.834 23.774 
20.795 10.465 
11.575 27.38 
51.811 30.738 
34.25 43.441 
53.48 25.267 
31.054 82.405 
33.496 19.972 
81.54 61.565 
95.988 13.884 
66.26 22.862 
83.556 75.236 
19.26 77.799 
73.734 60.338 
11.488 45.007 
3.081 92.841 
90.178 47.229 
86.566 74.122 
32.163 77.034 
57.815 28.783 
24.02 31.076 
56.865 77.302 
33.429 31.244 
4.503 50.939 
33.493 6.44 
61.875 72.852 
6.708 32.759 
39.43 82.876 
62.748 21.791 
3.433 25.976 
44.407 56.998 
44.542 93.241 
92.825 83.869 
39.814 97.178 
66.762 41.633 
80.849 48.047 
23.383 31.982 
28.701 70.045 
52.818 4.022 
27.567 42.881 
98.169 74.557 
62.539 50.031 
13.035 10.628 
31.648 80.17 
62.842 4.161 
84.522 54.394 
38.011 22.316 
14.044 98.44 
25.868 73.022 
96.529 66.517 
60.727 86.245 
2.855 35.676 
51.979 87.989 
13.769 90.129 
29.544 25.52 
86.44 6.883 
50.589 6.451 
45.024 6.733 
2.445 78.418 
46.242 13.983 
79.978 40.351 
70.85 83.439 
4.959 66.42 
77.962 53.188 
20.197 50.598 
89.923 81.711 
69.371 60.577 
51.224 40.93 
27.465 93.246 
52.971 34.421 
38.227 11.595 
64.827 67.003 
23.443 5.465 
99.726 8.795 
30.495 33.921 
32.041 7.918 
7.189 44.515 
53.116 13.172 
49.382 47.837 
17.19 92.076 
46.006 12.249 
85.883 10.485 
94.607 75.976 
44.187 13.563 
7.127 60.278 
62.945 90.809 
60.839 74.314 
90.087 11.551 
80.666 56.357 
72.052 62.017 
9.481 60.997 
11.73 49.974 
4.369 47.428 
52.829 62.171 
59.658 9.54 
97.337 61.06 
86.135 39.847 
57.899 18.49 
88.416 26.538 
83.329 99.499 
39.783 60.686 
53.052 32.326 
14.916 99.069 
83.233 45.509 
5.308 9.873 
53.701 91.035 
77.576 77.917 
54.972 30.829 
0.543 28.473 
46.082 38.328 
91.565 96.7 
13.823 76.102 
61.801 84.102 
4.35 91.343 
53.183 63.626 
15.961 90.972 
44.954 63.17 
61.163 75.611 
18.085 25.611 
32.867 57.345 
75.99 16.464 
85.741 23.789 
30.213 7.267 
8.453 30.648 
71.631 96.139 
98.658 56.986 
79.908 61.126 
21.806 21.743 
11.627 64.613 
40.85 61.267 
70.073 12.388 
3.758 67.061 
24.769 50.277 
11.545 38.151 
25.448 98.137 
54.593 29.39 
7.745 79.343 
36.028 74.93 
25.509 96.961 
4.743 10.276 
53.774 22.792 
49.792 27.746 
0.147 51.549 
76.569 91.818 
66.577 84.82 
90.89 83.816 
32.833 3.338 
98.442 46.75 
5.326 68.777 
17.833 8.829 
31.18 5.639 
66.264 20.601 
1.891 48.33 
13.018 6.982 
16.51 96.705 
65.011 80.899 
10.825 54.735 
70.855 95.851 
49.882 59.772 
73.858 35.501 
82.13 49.742 
82.476 35.823 
72.431 33.279 
67.173 62.438 
92.599 4.341 
3.681 62.788 
19.694 96.213 
3.616 50.188 
23.195 79.377 
45.476 8.525 
82.211 46.04 
33.836 45.422 
1.595 43.885 
69.226 2.805 
48.668 56.847 
26.154 6.416 
83.975 64.469 
59.832 85.717 
95.181 40.586 
12.737 81.274 
6.105 44.344 
37.013 88.769 
80.701 39.115 
27.761 80.378 
63.141 1.731 
95.802 76.025 
55.723 52.029 
12.584 10.942 
58.284 92.764 
86.881 1.08 
20.051 87.745 
30.054 14.499 
43.911 35.481 
85.759 77.375 
41.16 52.22 
67.03 46.807 
3.177 13.997 
1.773 8.677 
67.61 59.162 
28.09 74.649 
3.764 39.153 
63.197 87.022 
42.45 10.023 
60.809 99.146 
45.681 61.712 
30.231 48.112 
37.365 13.581 
40.322 41.811 
91.859 26.455 
88.593 51.061 
27.851 47.908 
92.049 45.003 
35.548 37.607 
55.605 41.036 
92.263 3.108 
57.11 8.602 
23.077 58.182 
60.913 51.593 
14.664 18.302 
39.42 74.451 
29.323 73.409 
31.328 87.529 
23.676 75.639 
84.496 82.824 
6.449 11.259 
31.409 39.829 
86.341 29.322 
9.539 91.161 
96.406 61.08 
41.772 26.162 
47.765 63.017 
92.088 46.75 
38.525 27.564 
33.685 7.652 
17.447 34.934 
28.731 76.09 
57.222 1.01 
18.421 24.357 
43.858 40.644 
26.864 83.318 
47.944 91.744 
3.359 95.29 
84.343 31.514 
11.578 92.172 
85.291 20.864 
62.108 42.567 
9.046 37.471 
60.41 91.225 
60.337 1.033 
47.988 89.362 
99.716 44.939 
88.679 57.121 
12.464 86.689 
95.762 58.211 
98.171 86.58 
26.999 79.474 
80.763 90.932 
79.786 81.842 
42.818 25.933 
28.28 8.176 
85.944 54.13 
90.908 22.71 
63.126 62.941 
21.086 81.175 
32.669 9.059 
65.62 43.277 
79.555 74.203 
53.131 99.908 
56.61 92.912 
34.256 53.961 
53.055 13.707 
8.244 3.506 
60.461 74.514 
24.513 22.098 
48.255 36.683 
82.944 29.358 
90.957 48.308 
59.011 38.919 
88.042 93.274 
42.874 26.679 
18.163 58.414 
50.579 88.777 
64.865 49.767 
54.26 9.33 
49.939 55.492 
78.916 55.155 
94.967 41.4 
59.444 71.312 
0.91 57.778 
60.576 75.275 
86.734 13.615 
36.199 53.267 
62.443 32.371 
56.502 28.806 
5.739 64.21 
12.202 75.905 
87.968 65.973 
5.797 84.277 
28.299 78.172 
6.084 24.286 
9.85 42.266 
11.358 81.093 
65.888 41.113 
86.702 15.213 
68.021 86.128 
64.887 64.757 
93.388 66.628 
33.984 31.482 
46.518 21.057 
14.362 25.315 
85.195 32.388 
49.952 88.295 
27.735 8.619 
35.446 43.227 
86.187 27.648 
37.789 47.818 
58.602 68.509 
40.333 33.674 
18.948 42.544 
51.48 75.048 
99.79 38.188 
48.275 63.382 
15.193 7.102 
49.088 86.448 
77.482 68.904 
96.336 82.659 
34.362 34.569 
39.184 90.032 
59.407 4.256 
30.082 18.65 
82.114 95.537 
41.901 36.449 
51.534 38.303 
8.123 74.167 
47.181 42.552 
39.586 78.171 
1.916 52.273 
72.803 56.61 
45.758 38.961 
8.488 90.148 
15.889 43.264 
74.007 36.624 
12.483 67.173 
68.435 88.149 
94.772 48.153 
99.384 38.936 
60.836 57.121 
37.143 42.314 
73.842 44.274 
40.03 0.775 
79.017 44.521 
19.12 27.918 
55.949 80.325 
58.559 29.743 
82.825 89.22 
91.075 57.497 
62.512 24.867 
84.405 54.069 
96.387 34.481 
10.646 99.2 
78.982 26.684 
67.76 10.915 
96.487 65.998 
64.805 23.108 
54.737 33.004 
4.084 75.125 
10.364 60.002 
8.752 72.01 
54.213 2.023 
71.958 60.744 
29.845 92.659 
11.248 19.155 
40.259 77.593 
88.334 0.278 
81.685 72.106 
51.798 66.84 
25.552 23.971 
45.641 92.489 
42.481 24.811 
2.55 30.725 
84.443 6.634 
78.289 42.295 
48.38 15.664 
8.707 18.769 
79.699 80.951 
52.839 46.561 
42.503 31.065 
59.048 69.959 
0.696 21.24 
60.768 51.797 
97.11 95.613 
79.899 1.445 
80.931 3.779 
37.666 4.02 
6.992 68.398 
62.737 79.782 
15.563 21.548 
49.708 13.972 
10.298 57.667 
8.759 9.358 
98.621 92.753 
89.015 48.945 
4.569 95.617 
28.693 78.728 
84.417 45.019 
79.672 22.457 
4.697 4.074 
83.305 74.208 
22.82 57.929 
9.954 92.711 
21.169 72.02 
18.824 22.274 
4.246 53.258 
16.512 9.368 
58.386 50.207 
85.305 0.78 
29.372 77.061 
6.804 45.681 
95.282 6.579 
77.071 64.176 
22.048 35.87 
81.757 86.172 
8.434 20.596 
93.696 92.129 
26.476 10.226 
72.184 43.818 
12.038 54.753 
10.095 27.693 
64.73 81.579 
2.635 27.323 
31.291 31.664 
97.826 51.923 
55.741 52.3 
84.693 81.239 
97.01 42.025 
83.403 67.065 
30.051 99.296 
81.126 23.497 
22.9 34.758 
2.94 55.91 
60.663 76.988 
49.329 49.121 
65.552 30.141 
36.825 8.309 
58.098 52.28 
28.317 93.063 
86.644 37.339 
15.581 9.984 
60.424 91.751 
74.814 5.158 
35.382 65.368 
96.241 47.498 
13.681 86.081 
61.667 4.447 
8.631 41.783 
92.366 67.592 
13.921 0.683 
8.958 78.767 
35.323 35.973 
17.641 53.562 
88.3 62.819 
39.122 11.78 
13.404 73.868 
1.622 76.837 
58.757 47.948 
27.087 19.951 
32.485 69.995 
90.978 64.174 
14.014 64.218 
36.6 16.428 
20.247 92.537 
85.227 0.326 
22.112 14.338 
97.444 68.473 
57.823 44.081 
94.683 37.79 
16.781 91.432 
50.303 41.835 
99.7 99.749 
30.473 1.043 
65.399 79.741 
24.847 34.885 
14.238 93.596 
24.603 83.044 
5.326 27.991 
44.003 75.212 
13.102 62.504 
98.49 32.068 
78.026 35.166 
86.962 75.277 
94.807 60.383 
20.054 9.828 
60.83 51.958 
6.692 92.796 
63.039 11.157 
31.684 99.72 
75.347 75.098 
25.302 45.59 
15.058 32.311 
10.956 79.55 
27.162 20.073 
40.12 78.007 
38.291 22.344 
25.364 96.417 
19.825 85.402 
90.114 52.308 
49.867 50.075 
90.66 52.053 
19.814 80.727 
60.829 0.693 
12.652 69.947 
37.975 36.23 
21.318 86.677 
89.968 67.49 
89.225 68.542 
19.593 36.379 
11.558 1.535 
54.186 91.922 
97.301 83.104 
15.411 93.65 
79.071 30.723 
29.135 12.882 
64.2 5.029 
66.368 70.885 
23.263 89.053 
33.356 18.509 
13.936 56.205 
25.335 91.73 
16.969 90.886 
19.23 6.289 
92.536 67.204 
19.746 25.253 
10.194 7.032 
13.062 24.582 
24.361 36.989 
81.139 17.301 
69.558 85.251 
80.882 25.12 
46.656 1.301 
39.938 83.868 
96.226 96.99 
16.34 15.09 
49.195 85.006 
79.979 85.154 
66.139 46.629 
89.67 7.019 
97.638 46.849 
61.844 47.782 
18.356 78.531 
24.593 38.82 
23.89 41.557 
25.33 83.775 
49.908 4.818 
53.088 46.134 
38.902 56.059 
62.207 0.38 
40.799 0.144 
47.861 4.414 
25.375 96.583 
11.24 59.537 
80.22 23.989 
86.609 2.202 
72.838 6.183 
15.577 63.532 
47.722 90.88 
5.893 59.534 
96.104 69.3 
68.377 13.511 
71.131 90.853 
13.279 12.133 
81.221 29.388 
86.195 36.731 
0.456 84.467 
3.671 65.457 
40.707 20.841 
95.193 31.816 
59.655 12.673 
65.491 93.434 
63.621 58.328 
37.704 41.383 
27.258 19.184 
39.079 47.158 
73.053 86.718 
97.516 95.778 
97.49 53.55 
41.247 27.913 
46.184 44.338 
15.524 99.219 
39.9 1.966 
61.403 7.886 
12.074 1.403 
11.508 69.37 
66.746 11.776 
58.491 13.667 
43.442 1.868 
77.821 52.892 
45.658 76.424 
13.665 96.152 
94.131 12.108 
80.342 73.52 
85.881 78.391 
68.661 64.68 
5.689 1.628 
13.423 26.1 
68.091 2.68 
88.962 77.124 
26.46 27.509 
27.718 88.024 
32.099 12.584 
71.82 68.748 
33.496 35.444 
55.175 23.776 
76.233 92.726 
43.704 65.165 
70.39 33.574 
7.715 81.734 
42.266 96.944 
69.393 27.713 
29.182 51.269 
24.945 25.697 
89.035 32.117 
71.407 71.985 
90.641 92.738 
70.488 8.564 
55.535 52.145 
22.998 70.747 
31.028 81.42 
70.971 95.316 
70.632 10.401 
72.617 35.117 
56.819 76.488 
68.341 54.956 
60.881 40.392 
77.182 70.963 
4.946 25.466 
91.363 3.274 
82.425 12.149 
10.026 21.071 
44.17 74.28 
66.236 8.938 
61.059 29.592 
15.263 90.869 
15.434 3.837 
27.148 53.517 
21.92 58.363 
31.93 95.012 
8.375 19.488 
85.897 73.474 
79.182 25.183 
11.197 61.569 
99.815 91.963 
67.255 38.629 
62.144 54.436 
8.724 7.017 
32.138 17.481 
70.143 57.557 
64.48 56.913 
61.389 96.108 
21.808 84.647 
24.832 3.874 
3.823 49.425 
96.052 62.047 
15.949 70.931 
3.947 53.071 
48.361 41.814 
89.483 96.218 
50.612 16.229 
4.398 67.467 
94.923 17.766 
2.665 17.095 
10.557 37.466 
11.222 41.62 
96.018 16.794 
55.486 64.483 
46.838 40.789 
29.8 67.851 
44.887 87.148 
82.734 57.02 
91.602 1.134 
96.603 48.66 
97.11 82.721 
4.411 69.568 
42.69 58.095 
78.349 97.508 
58.947 36.844 
4.27 17.559 
31.769 48.851 
3.312 56.859 
83.517 85.327 
57.34 56.484 
57.041 76.037 
58.324 69.068 
14.741 99.511 
42.94 58.574 
76.762 49.599 
35.468 64.973 
22.441 34.37 
38.45 89.429 
87.248 64.85 
28.513 50.819 
76.203 84.815 
2.676 1.833 
65.177 64.077 
17.047 6.161 
93.523 38.814 
63.065 80.898 
92.018 81.853 
22.576 14.598 
25.37 28.95 
78.129 36.461 
30.166 16.017 
38.774 17.767 
41.954 34.612 
48.303 74.927 
32.473 7.352 
77.77 67.671 
29.22 17.291 
86.466 91.239 
63.617 71.851 
67.209 43.405 
10.103 33.776 
36.714 17.152 
69.063 70.997 
20.79 40.028 
11.613 88.943 
97.265 88.038 
24.431 10.553 
93.979 84.169 
12.165 73.177 
47.199 69.266 
15.698 87.157 
23.865 80.766 
73.732 32.147 
18.44 39.127 
33.062 72.813 
65.95 75.533 
49.573 13.097 
41.905 48.356 
80.916 42.777 
94.376 77.798 
21.751 48.337 
80.994 60.807 
87.79 54.481 
90.678 52.631 
29.784 1.048 
86.106 67.92 
62.408 55.245 
73.747 82.212 
37.141 87.322 
65.431 81.814 
35.785 96.975 
24.141 9.213 
65.417 42.746 
66.749 36.648 
25.18 17.498 
47.344 9.148 
90.501 1.592 
98.136 39.018 
90.654 75.84 
85.131 16.36 
33.09 53.217 
60.832 65.337 
76.09 84.149 
27.82 0.783 
33.293 9.491 
96.688 82.348 
54.993 41.581 
14.798 25.186 
96.826 42.449 
28.147 37.54 
66.901 33.76 
35.49 79.817 
93.218 56.783 
18.186 30.566 
51.339 3.885 
62.559 69.346 
22.593 11.011 
41.975 82.909 
24.842 39.307 
9.998 26.536 
83.793 9.741 
85.992 2.978 
24.377 29.456 
60.744 36.133 
73.024 80.533 
51.826 35.484 
95.687 7.343 
43.854 71.724 
29.003 95.978 
57.172 19.66 
41.226 13.105 
77.83 56.303 
80.012 56.166 
25.447 83.579 
93.932 85.144 
58.328 62.688 
6.969 34.975 
49.061 15.574 
4.987 97.985 
96.454 67.981 
10.743 14.073 
84.646 30.329 
95.434 59.059 
73.996 32.69 
43.53 86.654 
70.969 86.71 
13.44 99.905 
72.2 16.098 
35.431 80.971 
17.461 73.291 
77.132 90.393 
88.803 58.842 
21.628 75.722 
58.094 91.595 
28.55 56.153 
56.707 34.562 
73.876 22.933 
76.362 69.58 
16.554 87.7 
74.308 65.325 
39.082 73.389 
71.566 83.86 
89.0 98.806 
3.172 11.631 
11.343 2.382 
32.893 79.632 
35.907 18.309 
0.157 18.044 
70.647 2.192 
95.884 37.751 
68.526 57.713 
5.862 87.459 
19.529 39.442 
25.873 9.206 
57.898 95.551 
20.132 56.12 
66.866 73.596 
43.255 10.66 
16.72 98.866 
19.029 37.993 
61.035 32.777 
28.568 39.456 
40.274 66.185 
86.548 64.057 
74.303 31.961 
45.508 90.111 
42.959 96.641 
58.87 80.34 
52.079 60.931 
9.392 74.981 
95.422 62.053 
52.287 31.887 
9.961 35.527 
62.72 35.714 
39.471 31.695 
34.671 21.687 
27.334 66.243 
80.881 82.369 
63.457 52.193 
30.988 73.043 
20.161 96.436 
26.681 88.272 
93.73 85.006 
43.556 46.273 
22.324 59.822 
78.558 86.315 
48.497 65.272 
24.503 51.419 
36.442 66.422 
64.522 37.56 
36.853 53.512 
92.459 53.735 
75.663 23.168 
32.405 42.426 
29.861 64.973 
95.976 78.913 
55.387 86.449 
72.444 85.541 
28.604 82.945 
33.194 12.962 
89.891 74.481 
72.562 81.394 
11.058 52.185 
37.127 69.281 
72.997 83.4 
57.593 24.362 
71.436 57.344 
91.877 57.052 
45.648 39.979 
14.139 21.27 
14.419 74.472 
31.94 68.588 
38.46 66.607 
19.8 63.761 
57.516 14.229 
62.049 60.142 
79.12 57.931 
66.644 46.175 
75.793 88.073 
11.446 3.171 
33.412 82.731 
22.268 48.627 
20.99 95.981 
21.2 53.16 
25.447 6.162 
24.485 73.884 
58.133 15.653 
16.431 32.528 
43.848 67.285 
7.234 70.723 
91.421 76.731 
43.001 16.749 
91.53 19.09 
74.993 98.834 
47.456 58.883 
54.06 74.123 
35.352 1.34 
88.438 62.659 
26.572 7.28 
81.394 0.498 
80.592 21.87 
37.027 87.669 
70.992 79.128 
92.856 46.476 
15.134 28.252 
22.13 58.849 
14.84 1.212 
16.337 48.212 
51.733 44.77 
0.988 51.928 
42.948 53.497 
49.201 30.115 
65.345 24.765 
3.888 90.327 
26.328 31.095 
44.552 78.829 
56.986 53.866 
89.861 38.31 
41.18 29.914 
1.412 23.867 
94.261 94.379 
51.921 0.917 
73.261 7.427 
64.082 30.341 
67.656 15.375 
14.605 75.768 
63.523 24.59 
44.712 15.219 
76.495 37.557 
35.332 80.005 
78.943 56.834 
29.984 41.962 
52.312 62.812 
99.661 58.725 
64.849 93.671 
74.997 6.136 
45.254 49.513 
78.172 42.705 
85.816 25.786 
3.818 77.979 
89.906 62.548 
51.118 51.336 
77.769 18.822 
59.869 58.357 
14.022 18.174 
38.099 45.412 
24.075 51.869 
82.107 36.481 
43.547 72.853 
97.669 32.378 
95.517 34.941 
84.966 48.783 
51.623 14.438 
26.133 67.116 
94.473 5.37 
0.037 35.121 
56.281 2.259 
71.956 69.169 
46.6 94.928 
93.937 84.894 
1.923 53.798 
94.909 36.191 
22.713 45.128 
33.184 10.125 
82.155 17.859 
97.089 37.668 
38.497 34.371 
53.104 78.435 
19.178 90.698 
75.388 68.636 
55.572 92.158 
44.071 40.886 
74.527 6.77 
59.735 54.863 
82.362 91.324 
69.549 94.765 
55.726 68.02 
82.049 10.769 
84.307 8.445 
58.657 73.434 
14.071 65.112 
29.833 80.084 
58.443 99.145 
64.323 27.028 
98.96 3.008 
60.84 93.071 
27.511 63.455 
93.203 61.767 
74.993 84.787 
54.608 28.384 
21.664 94.64 
57.455 92.183 
62.82 32.402 
99.702 76.592 
82.646 22.303 
97.343 12.154 
58.109 26.697 
36.559 46.177 
25.722 23.718 
96.791 0.515 
15.45 73.358 
69.553 46.34 
29.884 21.423 
12.875 35.928 
36.715 28.767 
48.222 72.85 
93.116 60.231 
6.656 14.952 
71.1 37.376 
39.087 56.349 
37.673 20.018 
32.403 14.173 
18.298 42.936 
29.352 90.675 
64.017 35.151 
99.194 73.986 
81.326 3.526 
97.933 37.201 
84.144 2.296 
66.201 96.42 
69.244 93.03 
17.264 27.24 
45.059 51.697 
24.603 7.115 
12.604 87.225 
0.763 31.907 
98.563 21.982 
97.51 47.999 
62.729 28.829 
77.6 33.8 
61.17 70.253 
28.529 95.078 
6.818 51.93 
94.354 64.63 
78.668 40.375 
1.002 64.157 
76.373 45.079 
67.811 56.498 
56.016 52.857 
73.006 49.762 
21.067 73.17 
7.303 77.965 
5.443 25.467 
15.894 56.869 
97.598 71.952 
49.234 9.953 
21.476 31.988 
39.551 74.582 
79.114 39.785 
4.496 79.092 
80.871 72.114 
76.21 98.318 
51.626 96.133 
55.91 1.713 
26.701 58.283 
48.971 4.41 
64.457 49.251 
67.901 5.058 
53.747 59.359 
8.52 84.349 
69.335 26.069 
4.236 41.652 
69.471 83.684 
86.849 38.61 
27.513 80.403 
58.735 57.873 
87.582 21.614 
91.95 37.847 
50.168 49.85 
43.782 58.35 
35.229 32.383 
68.318 86.862 
30.454 21.983 
2.647 17.196 
79.859 19.373 
23.308 99.498 
68.946 61.972 
40.696 8.987 
34.939 47.159 
58.136 6.701 
38.781 16.523 
32.472 27.558 
7.347 75.814 
72.096 27.57 
87.782 15.609 
